-1.597695e-01
 7.581872e-01
 3.502534e-01
 8.187946e-01
 3.174914e-01
 1.238658e+00
 1.054648e+00
 2.104964e-01
-1.948966e-02
 6.978450e-01
 4.181741e-01
 6.952118e-01
 3.238692e-01
 1.171545e+00
 7.072524e-01
-9.800713e-02
 1.186081e+00
 3.548823e-01
 4.370155e-01
 4.805481e-01
 8.970622e-01
 7.626712e-01
-6.109422e-02
 1.140807e+00
 2.970891e-01
 7.706455e-01
 8.383655e-01
-5.031720e-02
 1.350629e+00
 7.561012e-01
-9.536322e-02
 1.427862e+00
 1.481406e+00
 1.012643e+00
 5.347681e-01
-3.811263e-02
-9.148247e-02
 6.569237e-01
 5.504948e-01
 3.950304e-01
 1.038732e+00
 5.942325e-01
 5.228198e-02
 8.725588e-01
 2.504705e-01
 1.277649e+00
 8.377064e-01
-4.485402e-02
 1.253990e+00
 1.485754e+00
 9.833369e-01
 4.564994e-01
-1.495169e-01
 4.419630e-01
 7.835945e-01
 4.000339e-03
 1.040508e+00
 2.388322e-01
 1.243819e+00
 1.210788e+00
 4.689715e-01
-2.198293e-01
 1.510064e+00
 1.435146e+00
 9.524933e-01
 4.505702e-01
-1.416233e-01
 3.410759e-01
 6.694886e-01
 2.247998e-01
 6.951318e-01
 3.497262e-01
 1.012166e+00
 5.048878e-01
 2.851280e-01
 4.932042e-01
 8.861177e-01
 4.817228e-01
 4.978034e-01
 4.529038e-01
 9.760210e-01
 8.508805e-01
-5.188794e-02
 1.453551e+00
 1.255727e+00
 6.129132e-01
-7.425192e-02
 3.694071e-01
 6.546670e-01
 2.527700e-01
 6.337904e-01
 4.463552e-01
 7.020256e-01
 3.210728e-01
 1.200970e+00
 7.655132e-01
-9.382325e-02
 1.432372e+00
 1.022970e+00
 2.293248e-01
-1.495793e-01
 8.253866e-01
 2.581440e-01
 1.072311e+00
 4.856284e-01
 2.747570e-01
 4.960150e-01
 8.833399e-01
 4.811761e-01
 5.028476e-01
 4.553894e-01
 9.616366e-01
 8.402817e-01
-5.707165e-02
 1.444922e+00
 1.138002e+00
 4.115839e-01
-2.418684e-01
 1.507847e+00
 1.258331e+00
 6.414266e-01
-2.733047e-02
 1.110800e-01
 5.259753e-01
 9.039193e-01
 6.262787e-01
 7.050267e-02
 8.789033e-01
 2.548967e-01
 1.288750e+00
 8.966779e-01
 1.479389e-02
 8.357178e-01
 1.131582e+00
 2.615430e-01
-1.983896e-02
 7.267733e-01
 3.643596e-01
 8.648222e-01
 3.544134e-01
 1.077930e+00
 1.044843e+00
 1.636701e-01
 2.060571e-01
 4.931817e-01
 9.763031e-01
 6.947470e-01
-4.371779e-02
 1.006194e+00
 2.036311e-01
 1.337488e+00
 1.090765e+00
 2.942731e-01
-1.960538e-01
 9.137362e-01
 1.744521e-01
 1.180224e+00
 5.096465e-01
 8.470960e-02
 7.638613e-01
 2.973051e-01
 1.118356e+00
 5.835646e-01
 1.716486e-02
 8.973724e-01
 2.394530e-01
 1.289063e+00
 8.571402e-01
-2.547384e-02
 1.109691e+00
 1.403827e+00
 8.000085e-01
 1.388490e-01
-2.313574e-01
 8.705937e-01
 2.026780e-01
 1.106880e+00
 4.605728e-01
 3.025587e-01
 4.681829e-01
 9.862285e-01
 6.223206e-01
 3.577629e-02
 9.093542e-01
 2.452770e-01
 1.302729e+00
 9.428494e-01
 7.222019e-02
 4.724092e-01
 6.662394e-01
 1.782619e-01
 7.677364e-01
 2.901065e-01
 1.183418e+00
 6.716027e-01
-9.279813e-02
 1.075511e+00
 2.162795e-01
 1.228599e+00
 1.243329e+00
 5.231851e-01
-1.870953e-01
 1.329034e+00
 1.605100e+00
 1.225920e+00
 8.866522e-01
 5.164473e-01
 1.628009e-02
-2.829084e-01
 8.943133e-01
 1.696270e-01
 1.128375e+00
 4.428611e-01
 3.215885e-01
 4.559098e-01
 1.033544e+00
 7.030077e-01
-6.458342e-02
 1.045505e+00
 2.064186e-01
 1.306339e+00
 1.209359e+00
 4.828390e-01
-2.112355e-01
 1.463856e+00
 1.569839e+00
 1.186047e+00
 8.395391e-01
 4.480205e-01
-7.786137e-02
-9.187099e-02
 6.437542e-01
 5.891539e-01
 3.653436e-01
 1.148940e+00
 7.430739e-01
-9.465130e-02
 1.301062e+00
 5.987616e-01
-1.209346e-01
 1.051317e+00
 1.909322e-01
 1.323025e+00
 1.210809e+00
 4.901419e-01
-2.060923e-01
 1.426651e+00
 1.599397e+00
 1.233096e+00
 9.141397e-01
 5.712884e-01
 1.039720e-01
-3.409310e-01
 1.403855e+00
 7.953362e-01
-5.093860e-02
 1.045386e+00
 1.375979e+00
 7.358511e-01
 3.773471e-02
-5.130510e-03
 6.063046e-01
 6.614370e-01
 3.513172e-01
 1.212958e+00
 9.284324e-01
 3.552936e-02
 7.865049e-01
 1.061458e+00
 1.493918e-01
 4.071784e-01
 5.594733e-01
 5.664951e-01
 4.406622e-01
 9.790484e-01
 8.735381e-01
-3.792705e-02
 1.427155e+00
 1.400791e+00
 8.634167e-01
 2.854344e-01
-2.888478e-01
 1.526248e+00
 1.530648e+00
 1.130615e+00
 7.569383e-01
 3.162582e-01
-2.358553e-01
 7.856313e-01
 1.258457e+00
 4.760220e-01
-2.146730e-01
 1.441164e+00
 9.701899e-01
 1.611956e-01
-2.011087e-02
 6.729482e-01
 4.744719e-01
 5.426014e-01
 5.503793e-01
 4.806581e-01
 6.809157e-01
 3.294326e-01
 1.182538e+00
 7.405341e-01
-9.888298e-02
 1.334835e+00
 6.867741e-01
-1.291318e-01
 1.423145e+00
 9.566555e-01
 1.337304e-01
 7.751358e-02
 5.635798e-01
 7.630042e-01
 3.970921e-01
 1.002162e+00
 9.505269e-01
 3.259666e-02
 9.888564e-01
 1.269476e+00
 5.250372e-01
-1.937503e-01
 1.448782e+00
 1.568666e+00
 1.180360e+00
 8.269875e-01
 4.254038e-01
-1.091191e-01
 1.784487e-02
 5.604883e-01
 8.191256e-01
 5.019620e-01
 4.841780e-01
 4.390607e-01
 1.042101e+00
 8.911677e-01
-2.160643e-02
 1.318409e+00
 1.472607e+00
 9.707525e-01
 4.447551e-01
-1.601390e-01
 5.013700e-01
 8.622991e-01
-2.982134e-02
 1.297632e+00
 6.169758e-01
-1.227319e-01
 1.091807e+00
 2.219649e-01
 1.168500e+00
 1.229900e+00
 4.857811e-01
-2.126323e-01
 1.500902e+00
 1.480822e+00
 1.032196e+00
 5.830742e-01
 3.792633e-02
-2.579308e-01
 8.558907e-01
 2.135935e-01
 1.070945e+00
 4.404387e-01
 4.215787e-01
 4.444663e-01
 1.056212e+00
 8.688203e-01
-3.853209e-02
 1.398164e+00
 1.449545e+00
 9.456833e-01
 4.159052e-01
-1.881567e-01
 6.897850e-01
 1.113930e+00
 2.169645e-01
 1.548080e-01
 5.228906e-01
 8.715099e-01
 5.059109e-01
 4.205285e-01
 4.292051e-01
 1.100849e+00
 8.494528e-01
-5.042302e-02
 1.425663e+00
 1.424077e+00
 9.058274e-01
 3.546431e-01
-2.450280e-01
 1.179173e+00
 1.594975e+00
 1.184074e+00
 7.939013e-01
 3.493895e-01
-2.084317e-01
 6.004928e-01
 1.020869e+00
 8.126868e-02
 9.054063e-01
 1.154975e+00
 3.094281e-01
-1.285750e-01
 8.475709e-01
 2.372292e-01
 1.129809e+00
 5.234305e-01
 1.145239e-01
 7.318890e-01
 3.258115e-01
 1.046613e+00
 5.245275e-01
 1.954485e-01
 6.115577e-01
 5.286524e-01
 4.757809e-01
 7.222387e-01
 3.223273e-01
 1.236466e+00
 8.878426e-01
-4.331576e-03
 1.030818e+00
 1.331385e+00
 6.480242e-01
-7.758270e-02
 5.529232e-01
 8.644281e-01
-3.284107e-02
 1.330528e+00
 7.055230e-01
-1.222443e-01
 1.451903e+00
 1.087138e+00
 3.348039e-01
-2.455908e-01
 1.197332e+00
 3.391403e-01
 4.246238e-01
 4.810773e-01
 9.034639e-01
 7.655416e-01
-6.273001e-02
 1.155454e+00
 3.172089e-01
 6.538000e-01
 6.923802e-01
 5.931372e-02
 9.434123e-01
 2.591300e-01
 1.293931e+00
 1.097428e+00
 2.916067e-01
-1.826345e-01
 8.901234e-01
 1.942736e-01
 1.154348e+00
 4.989518e-01
 1.385914e-01
 6.765579e-01
 4.034013e-01
 8.033722e-01
 3.285538e-01
 1.219924e+00
 1.057850e+00
 2.108744e-01
-1.252158e-02
 6.903486e-01
 4.313178e-01
 6.593220e-01
 3.496084e-01
 1.085839e+00
 6.056165e-01
 6.287640e-03
 9.198577e-01
 2.341628e-01
 1.303967e+00
 9.120896e-01
 3.562820e-02
 6.822660e-01
 9.386935e-01
 2.708992e-03
 1.364442e+00
 1.432525e+00
 9.054713e-01
 3.429248e-01
-2.559866e-01
 1.296896e+00
 1.649140e+00
 1.305593e+00
 1.020300e+00
 7.425649e-01
 3.793829e-01
-1.357469e-01
 5.668508e-02
 5.462232e-01
 8.547215e-01
 5.793508e-01
 2.024170e-01
 6.432691e-01
 4.469432e-01
 6.853713e-01
 3.280566e-01
 1.169327e+00
 7.105912e-01
-9.790481e-02
 1.196297e+00
 3.726690e-01
 3.588956e-01
 4.533481e-01
 1.053080e+00
 8.288988e-01
-6.353595e-02
 1.455489e+00
 1.217229e+00
 5.476571e-01
-1.466484e-01
 8.642983e-01
 1.278258e+00
 5.230855e-01
-1.971372e-01
 1.486948e+00
 1.504254e+00
 1.070883e+00
 6.461009e-01
 1.329229e-01
-3.275013e-01
 1.356111e+00
 6.680870e-01
-1.379571e-01
 1.438324e+00
 1.010889e+00
 2.152014e-01
-1.305121e-01
 8.039591e-01
 2.807354e-01
 1.037512e+00
 4.704583e-01
 3.657138e-01
 4.409943e-01
 1.074900e+00
 7.777509e-01
-8.239588e-02
 1.352927e+00
 7.465832e-01
-1.010120e-01
 1.445284e+00
 1.458658e+00
 9.751649e-01
 4.745379e-01
-1.169240e-01
 2.187421e-01
 5.633958e-01
 6.735863e-01
 4.942887e-01
 6.460384e-01
 5.417834e-01
 4.713390e-01
 4.223939e-01
 1.105986e+00
 8.955035e-01
-1.284331e-02
 1.216844e+00
 1.449852e+00
 9.074293e-01
 3.238600e-01
-2.712652e-01
 1.454383e+00
 1.641374e+00
 1.317298e+00
 1.063484e+00
 8.288149e-01
 5.317122e-01
 8.892780e-02
-3.479062e-01
 1.429039e+00
 8.679876e-01
 3.189442e-02
 4.858092e-01
 7.075638e-01
 8.859886e-02
 9.313326e-01
 2.700367e-01
 1.281071e+00
 1.103873e+00
 2.983110e-01
-1.869459e-01
 9.008552e-01
 1.852364e-01
 1.166381e+00
 5.030451e-01
 1.147795e-01
 7.151473e-01
 3.471707e-01
 9.797588e-01
 4.624869e-01
 4.661142e-01
 4.488660e-01
 1.014194e+00
 8.685523e-01
-4.033718e-02
 1.423457e+00
 1.413251e+00
 8.852456e-01
 3.203186e-01
-2.701927e-01
 1.405679e+00
 1.663077e+00
 1.349109e+00
 1.110363e+00
 9.045289e-01
 6.587467e-01
 2.943434e-01
-2.221333e-01
 4.937787e-01
 8.993849e-01
-2.058191e-02
 1.411559e+00
 1.002137e+00
 1.897292e-01
-6.233700e-02
 7.316259e-01
 3.687355e-01
 8.281034e-01
 3.295731e-01
 1.201788e+00
 1.077806e+00
 2.372989e-01
-6.813325e-02
 7.626066e-01
 3.223648e-01
 9.687804e-01
 4.301168e-01
 6.088249e-01
 5.611629e-01
 4.244593e-01
 4.219888e-01
 1.106177e+00
 8.005945e-01
-7.718159e-02
 1.440476e+00
 1.080361e+00
 3.186747e-01
-2.375966e-01
 1.095482e+00
 1.999532e-01
 1.201241e+00
 1.260166e+00
 5.474173e-01
-1.690185e-01
 1.194854e+00
 1.552075e+00
 1.102267e+00
 6.532861e-01
 1.221440e-01
-3.187262e-01
 1.231203e+00
 3.872032e-01
 2.029168e-01
 5.297574e-01
 8.025357e-01
 4.064633e-01
 9.193867e-01
 8.801647e-01
-3.481024e-02
 1.434384e+00
 1.373209e+00
 8.152204e-01
 2.097399e-01
-2.999561e-01
 1.326933e+00
 6.011569e-01
-1.386756e-01
 1.141216e+00
 2.752508e-01
 8.322610e-01
 9.238838e-01
-4.643718e-03
 1.338605e+00
 1.452786e+00
 9.375532e-01
 3.920479e-01
-2.149375e-01
 9.280785e-01
 1.388308e+00
 7.428855e-01
 3.696802e-02
 1.561695e-02
 5.880971e-01
 7.127412e-01
 3.704307e-01
 1.149872e+00
 1.021058e+00
 1.424357e-01
 2.548643e-01
 4.916102e-01
 9.649465e-01
 7.526917e-01
-6.915787e-02
 1.152488e+00
 3.107739e-01
 6.841961e-01
 7.308701e-01
 1.066479e-03
 1.001513e+00
 2.295906e-01
 1.309497e+00
 1.146498e+00
 3.762782e-01
-2.370965e-01
 1.254390e+00
 4.502537e-01
 5.271496e-02
 7.618763e-01
 3.026137e-01
 1.088985e+00
 5.522635e-01
 9.381444e-02
 7.860774e-01
 2.805333e-01
 1.172251e+00
 6.378364e-01
-7.118503e-02
 9.896030e-01
 1.899083e-01
 1.336085e+00
 9.680326e-01
 1.142813e-01
 2.385948e-01
 4.960341e-01
 9.562057e-01
 7.402405e-01
-6.411899e-02
 1.103492e+00
 2.514502e-01
 1.049529e+00
 1.140956e+00
 3.086962e-01
-1.532563e-01
 8.668821e-01
 2.184565e-01
 1.140036e+00
 5.120206e-01
 1.275191e-01
 7.032584e-01
 3.613709e-01
 9.385580e-01
 4.258227e-01
 6.675946e-01
 6.194962e-01
 2.052834e-01
 6.747785e-01
 3.850179e-01
 8.881271e-01
 3.878997e-01
 9.034642e-01
 8.876075e-01
-3.010638e-02
 1.424386e+00
 1.394453e+00
 8.509710e-01
 2.647718e-01
-2.961922e-01
 1.531738e+00
 1.344824e+00
 8.011796e-01
 2.104055e-01
-3.046565e-01
 1.386808e+00
 7.583776e-01
-8.623860e-02
 1.311270e+00
 1.526630e+00
 1.072435e+00
 6.178033e-01
 7.490781e-02
-2.910231e-01
 9.742661e-01
 1.313210e-01
 1.271492e+00
 6.528419e-01
-1.172823e-01
 1.148197e+00
 2.904614e-01
 7.601287e-01
 8.322517e-01
-5.069979e-02
 1.321878e+00
 6.722070e-01
-1.308267e-01
 1.349706e+00
 7.154736e-01
-1.182407e-01
 1.476947e+00
 1.290855e+00
 6.835161e-01
 2.235458e-02
-5.047756e-02
 6.422820e-01
 5.723003e-01
 3.791498e-01
 1.087226e+00
 6.505083e-01
-4.501772e-02
 9.752226e-01
 2.031029e-01
 1.329071e+00
 9.639434e-01
 1.067101e-01
 2.776342e-01
 5.052574e-01
 8.946179e-01
 7.148130e-01
-3.689601e-02
 1.016249e+00
 2.086475e-01
 1.329482e+00
 1.137727e+00
 3.677422e-01
-2.373407e-01
 1.226502e+00
 3.941828e-01
 2.119882e-01
 5.233863e-01
 8.212718e-01
 4.239105e-01
 8.188022e-01
 7.707972e-01
-5.164695e-02
 1.122306e+00
 2.768156e-01
 9.039075e-01
 9.956294e-01
 7.484627e-02
 7.730709e-01
 1.016611e+00
 8.864940e-02
 7.624125e-01
 9.938807e-01
 6.077851e-02
 9.533307e-01
 1.216632e+00
 4.233780e-01
-2.215694e-01
 1.267150e+00
 4.811581e-01
-7.869875e-03
 8.510669e-01
 2.446382e-01
 1.219487e+00
 6.683630e-01
-1.030991e-01
 1.110752e+00
 2.470093e-01
 1.036402e+00
 1.135845e+00
 2.979750e-01
-1.355994e-01
 8.472433e-01
 2.371287e-01
 1.124029e+00
 5.169401e-01
 1.346244e-01
 6.964725e-01
 3.700292e-01
 9.126838e-01
 4.035650e-01
 8.004888e-01
 7.736874e-01
-4.984670e-02
 1.122105e+00
 2.772253e-01
 9.033424e-01
 9.947184e-01
 7.368408e-02
 7.809572e-01
 1.026534e+00
 1.018425e-01
 6.752536e-01
 8.807789e-01
-3.322116e-02
 1.425901e+00
 1.059048e+00
 2.793078e-01
-2.071012e-01
 9.244612e-01
 1.655677e-01
 1.192129e+00
 5.181782e-01
 5.528064e-02
 8.096533e-01
 2.673053e-01
 1.192637e+00
 6.519742e-01
-8.784349e-02
 1.031979e+00
 1.917079e-01
 1.339807e+00
 1.151821e+00
 3.944253e-01
-2.405723e-01
 1.376818e+00
 7.515619e-01
-9.364839e-02
 1.374874e+00
 1.522646e+00
 1.077582e+00
 6.367582e-01
 1.086289e-01
-3.166818e-01
 1.178010e+00
 2.941000e-01
 6.024871e-01
 6.544155e-01
 1.511134e-01
 7.976109e-01
 2.769063e-01
 1.221321e+00
 7.256493e-01
-1.057878e-01
 1.334330e+00
 6.824813e-01
-1.303894e-01
 1.411930e+00
 9.141059e-01
 7.495988e-02
 3.163757e-01
 5.337342e-01
 7.405953e-01
 5.750645e-01
 2.893360e-01
 5.203285e-01
 7.704123e-01
 3.639623e-01
 1.130716e+00
 1.039829e+00
 1.656531e-01
 1.719944e-01
 5.056497e-01
 9.388666e-01
 6.172555e-01
 6.886681e-02
 8.731672e-01
 2.544109e-01
 1.283569e+00
 8.712296e-01
-1.281519e-02
 1.030256e+00
 1.337020e+00
 6.586702e-01
-6.494496e-02
 4.725025e-01
 7.591499e-01
 2.064201e-02
 1.012039e+00
 2.442149e-01
 1.270655e+00
 1.184235e+00
 4.295332e-01
-2.334300e-01
 1.469218e+00
 1.067692e+00
 3.148875e-01
-2.428425e-01
 1.121834e+00
 2.280878e-01
 1.034742e+00
 1.151720e+00
 3.241178e-01
-1.697433e-01
 8.928944e-01
 1.947264e-01
 1.164016e+00
 5.113597e-01
 1.010008e-01
 7.419843e-01
 3.166485e-01
 1.068817e+00
 5.427023e-01
 1.313356e-01
 7.225686e-01
 3.339458e-01
 1.028077e+00
 5.095302e-01
 2.548995e-01
 5.258891e-01
 7.764117e-01
 3.736090e-01
 1.088445e+00
 1.020579e+00
 1.310781e-01
 3.420325e-01
 5.242043e-01
 7.660111e-01
 6.061820e-01
 1.866608e-01
 6.920881e-01
 3.629292e-01
 9.553271e-01
 4.464516e-01
 5.593354e-01
 5.093070e-01
 6.734062e-01
 5.502889e-01
 4.193135e-01
 4.238962e-01
 1.104243e+00
 8.034756e-01
-7.594766e-02
 1.444357e+00
 1.103606e+00
 3.565951e-01
-2.483094e-01
 1.303285e+00
 5.569194e-01
-1.106949e-01
 9.765214e-01
 1.754607e-01
 1.313013e+00
 8.304243e-01
-4.541160e-02
 1.208787e+00
 1.471141e+00
 9.470898e-01
 3.889333e-01
-2.221620e-01
 1.021554e+00
 1.474144e+00
 9.245783e-01
 3.285647e-01
-2.705092e-01
 1.474751e+00
 1.621816e+00
 1.285096e+00
 1.011781e+00
 7.424543e-01
 3.863193e-01
-1.240580e-01
 3.824050e-03
 5.664218e-01
 8.043079e-01
 4.850568e-01
 5.663802e-01
 4.891209e-01
 7.588781e-01
 6.439381e-01
 1.050966e-01
 8.529315e-01
 2.626237e-01
 1.274746e+00
 8.559170e-01
-2.908244e-02
 1.153594e+00
 1.432753e+00
 8.633226e-01
 2.436163e-01
-2.951010e-01
 1.407736e+00
 8.228634e-01
-2.466884e-02
 8.687122e-01
 1.195551e+00
 3.737871e-01
-1.948641e-01
 9.870008e-01
 1.517447e-01
 1.311350e+00
 7.920483e-01
-7.608776e-02
 1.391167e+00
 1.496794e+00
 1.032465e+00
 5.619769e-01
-2.255771e-03
-1.788705e-01
 7.477867e-01
 3.728715e-01
 7.359223e-01
 3.080259e-01
 1.220556e+00
 7.869711e-01
-8.466630e-02
 1.465458e+00
 1.279998e+00
 6.599076e-01
-1.210803e-02
 7.018789e-02
 5.417399e-01
 8.601292e-01
 5.367533e-01
 3.238740e-01
 4.703984e-01
 9.516665e-01
 5.587175e-01
 1.881004e-01
 6.483215e-01
 4.418740e-01
 6.965997e-01
 3.228954e-01
 1.188786e+00
 7.409705e-01
-9.949068e-02
 1.344758e+00
 7.146420e-01
-1.187318e-01
 1.475015e+00
 1.254104e+00
 6.190599e-01
-6.280019e-02
 2.946068e-01
 5.844464e-01
 5.356919e-01
 4.163699e-01
 1.096473e+00
 9.324242e-01
 2.314929e-02
 9.789595e-01
 1.267668e+00
 5.201329e-01
-1.969519e-01
 1.468009e+00
 1.546458e+00
 1.143667e+00
 7.673195e-01
 3.273522e-01
-2.260289e-01
 7.111712e-01
 1.167162e+00
 3.053284e-01
-8.707530e-02
 8.151863e-01
 2.655595e-01
 1.105728e+00
 5.297847e-01
 1.254117e-01
 7.207917e-01
 3.373427e-01
 1.015141e+00
 4.967295e-01
 3.070597e-01
 4.726079e-01
 9.588658e-01
 5.760264e-01
 1.409752e-01
 7.367459e-01
 3.164243e-01
 1.085426e+00
 5.637680e-01
 7.445579e-02
 8.218443e-01
 2.633623e-01
 1.222124e+00
 7.038678e-01
-1.077899e-01
 1.250001e+00
 4.751246e-01
 3.347940e-02
 8.039272e-01
 2.702148e-01
 1.170105e+00
 6.193272e-01
-5.586425e-02
 9.628694e-01
 1.995652e-01
 1.316606e+00
 8.878246e-01
 1.161991e-02
 8.181606e-01
 1.114702e+00
 2.324587e-01
 6.420228e-02
 6.141579e-01
 5.943543e-01
 3.693691e-01
 1.103137e+00
 6.620931e-01
-6.042031e-02
 9.970439e-01
 1.948623e-01
 1.340303e+00
 1.023087e+00
 1.923089e-01
-2.330077e-02
 6.923105e-01
 4.313399e-01
 6.548495e-01
 3.542072e-01
 1.070326e+00
 5.888340e-01
 4.118317e-02
 8.797059e-01
 2.473281e-01
 1.280889e+00
 8.428629e-01
-3.989498e-02
 1.217740e+00
 1.470555e+00
 9.475248e-01
 3.908756e-01
-2.201127e-01
 1.001212e+00
 1.456213e+00
 8.863880e-01
 2.635309e-01
-2.920883e-01
 1.461905e+00
 1.002294e+00
 2.169070e-01
-1.495524e-01
 8.195624e-01
 2.644649e-01
 1.058987e+00
 4.779923e-01
 3.143319e-01
 4.637958e-01
 9.953609e-01
 6.319377e-01
 1.693442e-02
 9.299377e-01
 2.382128e-01
 1.311071e+00
 9.735663e-01
 1.141466e-01
 2.619220e-01
 4.992093e-01
 9.302716e-01
 7.367043e-01
-5.778134e-02
 1.077915e+00
 2.301988e-01
 1.187951e+00
 1.225626e+00
 4.823257e-01
-2.140977e-01
 1.502688e+00
 1.474946e+00
 1.022062e+00
 5.662408e-01
 1.328880e-02
-2.189683e-01
 7.917051e-01
 3.043393e-01
 8.971627e-01
 3.501539e-01
 1.057807e+00
 1.041344e+00
 1.553709e-01
 2.501179e-01
 4.888854e-01
 9.774917e-01
 7.533190e-01
-7.122764e-02
 1.164645e+00
 3.282816e-01
 5.869810e-01
 6.140088e-01
 2.629081e-01
 5.812920e-01
 5.773434e-01
 4.042875e-01
 9.577004e-01
 4.861417e-01
 4.050362e-01
 4.332843e-01
 1.093868e+00
 8.387888e-01
-5.760163e-02
 1.449055e+00
 1.362107e+00
 7.998463e-01
 1.886024e-01
-2.950196e-01
 1.207282e+00
 3.472784e-01
 3.637168e-01
 4.591988e-01
 1.031746e+00
 8.329084e-01
-6.140933e-02
 1.454146e+00
 1.208575e+00
 5.324235e-01
-1.617066e-01
 9.877954e-01
 1.405328e+00
 7.843836e-01
 1.025427e-01
-1.630066e-01
 7.785591e-01
 3.186624e-01
 9.091559e-01
 3.680999e-01
 9.648968e-01
 9.602476e-01
 3.966982e-02
 9.673300e-01
 1.245119e+00
 4.769234e-01
-2.167281e-01
 1.491938e+00
 1.193094e+00
 5.244993e-01
-1.639017e-01
 9.719191e-01
 1.393034e+00
 7.581157e-01
 6.253079e-02
-6.825407e-02
 6.757161e-01
 4.893066e-01
 4.947509e-01
 6.924023e-01
 3.265042e-01
 1.210205e+00
 8.033130e-01
-7.580705e-02
 1.457506e+00
 1.363837e+00
 8.058151e-01
 1.996994e-01
-2.989636e-01
 1.279861e+00
 4.913937e-01
-4.216528e-02
 8.835397e-01
 2.268989e-01
 1.239661e+00
 6.862113e-01
-1.111999e-01
 1.210596e+00
 3.948779e-01
 2.644124e-01
 4.812406e-01
 9.623049e-01
 6.009423e-01
 8.626091e-02
 8.382688e-01
 2.606227e-01
 1.250907e+00
 7.713224e-01
-9.233953e-02
 1.466974e+00
 1.254335e+00
 6.160211e-01
-6.806319e-02
 3.273492e-01
 6.128348e-01
 4.077367e-01
 4.320163e-01
 1.047549e+00
 6.721673e-01
-4.845065e-02
 9.929241e-01
 2.004405e-01
 1.337735e+00
 1.027858e+00
 1.984283e-01
-3.702439e-02
 7.102820e-01
 3.996187e-01
 7.439708e-01
 3.101438e-01
 1.239526e+00
 8.546365e-01
-3.534917e-02
 1.237794e+00
 1.473976e+00
 9.577072e-01
 4.107925e-01
-2.001824e-01
 8.232186e-01
 1.273374e+00
 5.085081e-01
-2.047105e-01
 1.506793e+00
 1.372554e+00
 8.393737e-01
 2.641878e-01
-2.968107e-01
 1.536791e+00
 1.419762e+00
 9.349101e-01
 4.280336e-01
-1.659324e-01
 4.879809e-01
 8.503085e-01
-2.910578e-02
 1.244411e+00
 4.910246e-01
 2.350526e-02
 8.266405e-01
 2.577554e-01
 1.202082e+00
 6.543956e-01
-9.250639e-02
 1.047126e+00
 1.972519e-01
 1.319076e+00
 1.205277e+00
 4.793558e-01
-2.128900e-01
 1.468657e+00
 1.564976e+00
 1.178165e+00
 8.268542e-01
 4.270798e-01
-1.061910e-01
 5.178305e-03
 5.673062e-01
 7.997469e-01
 4.743685e-01
 6.160531e-01
 5.336876e-01
 5.257825e-01
 4.389812e-01
 1.015608e+00
 8.896753e-01
-2.439034e-02
 1.350137e+00
 1.467593e+00
 9.681060e-01
 4.453781e-01
-1.578488e-01
 4.796561e-01
 8.342988e-01
-2.642801e-02
 1.180065e+00
 3.688272e-01
 4.216009e-01
 4.681388e-01
 9.623620e-01
 8.164971e-01
-6.601948e-02
 1.394441e+00
 8.925917e-01
 4.191071e-02
 5.095028e-01
 7.273977e-01
 5.055424e-02
 9.758743e-01
 2.603112e-01
 1.270211e+00
 1.152971e+00
 3.761512e-01
-2.335964e-01
 1.218643e+00
 3.800505e-01
 2.633646e-01
 4.795512e-01
 9.723378e-01
 6.191522e-01
 4.804665e-02
 8.961262e-01
 2.489728e-01
 1.296616e+00
 9.191165e-01
 4.198907e-02
 6.524532e-01
 8.978743e-01
-2.475914e-02
 1.441035e+00
 1.189045e+00
 4.939312e-01
-1.962821e-01
 1.287044e+00
 1.605022e+00
 1.219035e+00
 8.688100e-01
 4.829977e-01
-3.416004e-02
-1.976441e-01
 7.518607e-01
 3.691530e-01
 7.310937e-01
 3.089476e-01
 1.211553e+00
 7.653121e-01
-9.433021e-02
 1.440372e+00
 1.059973e+00
 2.877033e-01
-2.189297e-01
 9.635997e-01
 1.481753e-01
 1.259659e+00
 6.387358e-01
-1.098073e-01
 1.079171e+00
 2.141878e-01
 1.223851e+00
 1.246088e+00
 5.270448e-01
-1.843813e-01
 1.309860e+00
 1.600973e+00
 1.214848e+00
 8.647007e-01
 4.776903e-01
-4.111696e-02
-1.830141e-01
 7.360690e-01
 3.961879e-01
 6.659132e-01
 3.494326e-01
 1.073318e+00
 5.871419e-01
 4.200036e-02
 8.776261e-01
 2.476743e-01
 1.279074e+00
 8.367542e-01
-4.546090e-02
 1.256063e+00
 1.486735e+00
 9.856044e-01
 4.606520e-01
-1.445272e-01
 4.096642e-01
 7.432581e-01
 5.492584e-02
 9.853570e-01
 2.649120e-01
 1.249337e+00
 1.166679e+00
 3.939465e-01
-2.348141e-01
 1.298782e+00
 5.497209e-01
-1.029421e-01
 9.596763e-01
 1.808786e-01
 1.291731e+00
 7.650218e-01
-9.476410e-02
 1.467577e+00
 1.346996e+00
 7.791178e-01
 1.604443e-01
-2.819454e-01
 1.053189e+00
 1.567302e-01
 1.357001e+00
 1.194246e+00
 4.718693e-01
-2.160218e-01
 1.472394e+00
 1.563004e+00
 1.175416e+00
 8.228256e-01
 4.206587e-01
-1.146032e-01
 3.810628e-02
 5.514060e-01
 8.438285e-01
 5.435924e-01
 3.147708e-01
 4.801595e-01
 9.158976e-01
 5.118045e-01
 3.580550e-01
 4.444569e-01
 1.049328e+00
 7.082201e-01
-7.098865e-02
 1.068491e+00
 2.181802e-01
 1.240966e+00
 1.239114e+00
 5.185486e-01
-1.899802e-01
 1.346024e+00
 1.607818e+00
 1.233986e+00
 9.031058e-01
 5.457869e-01
 6.137512e-02
-3.244470e-01
 1.128907e+00
 2.227199e-01
 1.005530e+00
 1.133836e+00
 2.895419e-01
-1.158945e-01
 8.287712e-01
 2.541385e-01
 1.108195e+00
 5.194687e-01
 1.458555e-01
 6.814927e-01
 3.919497e-01
 8.438889e-01
 3.513756e-01
 1.112218e+00
 1.059148e+00
 1.906733e-01
 9.239909e-02
 5.680177e-01
 7.353889e-01
 3.709571e-01
 1.132308e+00
 1.026451e+00
 1.467994e-01
 2.464857e-01
 4.903030e-01
 9.739876e-01
 7.502758e-01
-7.005360e-02
 1.150512e+00
 3.076409e-01
 7.011565e-01
 7.522476e-01
-2.125763e-02
 1.034052e+00
 2.216260e-01
 1.292868e+00
 1.199765e+00
 4.623855e-01
-2.223379e-01
 1.510437e+00
 1.442329e+00
 9.655610e-01
 4.725649e-01
-1.144039e-01
 1.925894e-01
 5.507979e-01
 7.469409e-01
 5.551251e-01
 3.493661e-01
 4.563547e-01
 9.921125e-01
 6.096013e-01
 5.344948e-02
 8.834143e-01
 2.503914e-01
 1.288270e+00
 8.812720e-01
-1.692022e-03
 9.474664e-01
 1.256947e+00
 4.955174e-01
-2.098675e-01
 1.508301e+00
 1.362616e+00
 8.223714e-01
 2.375048e-01
-3.030289e-01
 1.491603e+00
 1.111008e+00
 3.938059e-01
-2.482590e-01
 1.503944e+00
 1.223385e+00
 5.808119e-01
-1.026006e-01
 5.070359e-01
 8.269355e-01
-2.775015e-02
 1.165636e+00
 3.451382e-01
 5.350316e-01
 5.540645e-01
 5.021685e-01
 4.228286e-01
 1.091519e+00
 9.154463e-01
 4.949524e-03
 1.108855e+00
 1.381281e+00
 7.563978e-01
 7.358544e-02
-1.144213e-01
 7.238854e-01
 3.997932e-01
 7.017699e-01
 3.209910e-01
 1.173890e+00
 7.065786e-01
-9.841158e-02
 1.186637e+00
 3.557112e-01
 4.329650e-01
 4.782284e-01
 9.103320e-01
 7.743010e-01
-6.519670e-02
 1.193849e+00
 3.785793e-01
 3.532333e-01
 4.522583e-01
 1.057818e+00
 8.207843e-01
-6.748531e-02
 1.450117e+00
 1.155418e+00
 4.422583e-01
-2.290821e-01
 1.499095e+00
 1.521296e+00
 1.105595e+00
 7.081513e-01
 2.332630e-01
-3.039520e-01
 1.429506e+00
 1.683328e+00
 1.391301e+00
 1.185929e+00
 1.034449e+00
 8.808804e-01
 6.712858e-01
 3.406638e-01
-1.581488e-01
 9.346278e-02
 5.446427e-01
 8.390991e-01
 6.018077e-01
 1.559668e-01
 7.370603e-01
 3.141703e-01
 1.098046e+00
 5.776986e-01
 4.056628e-02
 8.719557e-01
 2.478456e-01
 1.272399e+00
 8.132314e-01
-6.505609e-02
 1.377695e+00
 1.494161e+00
 1.024430e+00
 5.458917e-01
-2.616297e-02
-1.198633e-01
 6.865853e-01
 4.845889e-01
 4.868133e-01
 7.261492e-01
 3.253695e-01
 1.239048e+00
 9.218424e-01
 3.276943e-02
 7.769292e-01
 1.052580e+00
 1.360734e-01
 4.805805e-01
 6.336774e-01
 2.602474e-01
 6.020136e-01
 5.197439e-01
 5.064748e-01
 6.231975e-01
 3.714893e-01
 1.040568e+00
 5.669744e-01
 1.023324e-01
 7.866175e-01
 2.801405e-01
 1.178041e+00
 6.466858e-01
-7.925216e-02
 1.009006e+00
 1.882881e-01
 1.345803e+00
 1.051579e+00
 2.364040e-01
-1.201095e-01
 8.060852e-01
 2.773071e-01
 1.053985e+00
 4.850129e-01
 2.988364e-01
 4.758630e-01
 9.518626e-01
 5.686982e-01
 1.631083e-01
 6.956089e-01
 3.637262e-01
 9.441359e-01
 4.339861e-01
 6.253854e-01
 5.730800e-01
 3.708632e-01
 4.461368e-01
 1.019164e+00
 6.432906e-01
-8.769012e-03
 9.515123e-01
 2.250504e-01
 1.319552e+00
 9.802151e-01
 1.255459e-01
 2.073021e-01
 4.954796e-01
 9.714363e-01
 7.142844e-01
-5.539995e-02
 1.041450e+00
 2.081863e-01
 1.308476e+00
 1.202257e+00
 4.710665e-01
-2.177858e-01
 1.494450e+00
 1.516501e+00
 1.095486e+00
 6.898357e-01
 2.031722e-01
-3.189894e-01
 1.534620e+00
 1.557887e+00
 1.182600e+00
 8.478080e-01
 4.694285e-01
-4.484111e-02
-1.836111e-01
 7.351611e-01
 3.981306e-01
 6.600753e-01
 3.554345e-01
 1.053997e+00
 5.670238e-01
 9.218646e-02
 8.009306e-01
 2.726518e-01
 1.197887e+00
 6.698880e-01
-9.676470e-02
 1.086935e+00
 2.248216e-01
 1.176576e+00
 1.229087e+00
 4.860434e-01
-2.123807e-01
 1.498985e+00
 1.489270e+00
 1.047006e+00
 6.078862e-01
 7.507300e-02
-2.989072e-01
 1.007673e+00
 1.328512e-01
 1.342274e+00
 8.837955e-01
 1.404003e-02
 7.632804e-01
 1.050802e+00
 1.323105e-01
 5.075314e-01
 6.641074e-01
 1.688045e-01
 7.804742e-01
 2.839806e-01
 1.201609e+00
 6.957739e-01
-1.031826e-01
 1.184341e+00
 3.504345e-01
 4.543434e-01
 4.918992e-01
 8.328712e-01
 7.012415e-01
-8.056714e-03
 9.864720e-01
 2.233953e-01
 1.324227e+00
 1.090581e+00
 2.897644e-01
-1.881017e-01
 8.969653e-01
 1.878670e-01
 1.160812e+00
 4.990991e-01
 1.300481e-01
 6.893923e-01
 3.830771e-01
 8.676104e-01
 3.669663e-01
 1.021822e+00
 1.000812e+00
 9.487389e-02
 5.740198e-01
 7.649526e-01
-5.821101e-03
 1.031579e+00
 2.298542e-01
 1.278867e+00
 1.201306e+00
 4.612967e-01
-2.229657e-01
 1.512325e+00
 1.416464e+00
 9.197540e-01
 3.966025e-01
-2.019070e-01
 7.668083e-01
 1.213056e+00
 3.913710e-01
-1.974381e-01
 1.020416e+00
 1.572376e-01
 1.357651e+00
 1.017851e+00
 1.906276e-01
-2.925495e-02
 6.978523e-01
 4.218633e-01
 6.799608e-01
 3.332035e-01
 1.138387e+00
 6.638093e-01
-7.416976e-02
 1.018059e+00
 1.922383e-01
 1.344215e+00
 1.101538e+00
 3.136022e-01
-2.141923e-01
 9.780437e-01
 1.474468e-01
 1.290448e+00
 7.211039e-01
-1.140493e-01
 1.425826e+00
 9.781368e-01
 1.635393e-01
-1.084865e-02
 6.641539e-01
 4.921354e-01
 5.057407e-01
 6.511775e-01
 3.449075e-01
 1.133796e+00
 6.749387e-01
-7.860197e-02
 1.040085e+00
 1.985094e-01
 1.325066e+00
 1.188040e+00
 4.513058e-01
-2.269415e-01
 1.514156e+00
 1.396734e+00
 8.852012e-01
 3.401847e-01
-2.532315e-01
 1.225663e+00
 1.622839e+00
 1.244762e+00
 9.055400e-01
 5.412718e-01
 5.068581e-02
-3.154840e-01
 1.054277e+00
 1.515281e-01
 1.359687e+00
 1.198893e+00
 4.807314e-01
-2.105783e-01
 1.439953e+00
 1.594190e+00
 1.226107e+00
 9.043339e-01
 5.557674e-01
 8.026566e-02
-3.349848e-01
 1.260809e+00
 4.432887e-01
 4.121127e-02
 7.715698e-01
 2.946095e-01
 1.106154e+00
 5.644246e-01
 5.706075e-02
 8.437279e-01
 2.553724e-01
 1.244881e+00
 7.450301e-01
-1.031504e-01
 1.426828e+00
 9.908508e-01
 1.813552e-01
-5.511088e-02
 7.199947e-01
 3.873179e-01
 7.732939e-01
 3.112834e-01
 1.254991e+00
 9.520324e-01
 7.215492e-02
 5.215866e-01
 7.202764e-01
 5.742503e-02
 9.664299e-01
 2.627007e-01
 1.272846e+00
 1.143479e+00
 3.609502e-01
-2.293589e-01
 1.138355e+00
 2.516126e-01
 9.032912e-01
 1.016970e+00
 1.016040e-01
 6.076333e-01
 7.998877e-01
-3.179375e-02
 1.118111e+00
 2.794282e-01
 9.105298e-01
 9.997012e-01
 8.050604e-02
 7.326261e-01
 9.651974e-01
 2.844218e-02
 1.189221e+00
 1.407254e+00
 8.204896e-01
 1.799916e-01
-2.756060e-01
 1.052091e+00
 1.571679e-01
 1.357660e+00
 1.189230e+00
 4.634799e-01
-2.206422e-01
 1.493783e+00
 1.523406e+00
 1.107965e+00
 7.111004e-01
 2.375027e-01
-3.014338e-01
 1.408161e+00
 1.687271e+00
 1.395182e+00
 1.189419e+00
 1.038644e+00
 8.871278e-01
 6.815101e-01
 3.576441e-01
-1.359568e-01
-7.928408e-04
 5.678753e-01
 8.015123e-01
 4.844588e-01
 5.715757e-01
 4.930196e-01
 7.369141e-01
 6.205005e-01
 1.669952e-01
 7.376271e-01
 3.123378e-01
 1.107866e+00
 5.886222e-01
 1.681390e-02
 9.010825e-01
 2.390676e-01
 1.292302e+00
 8.698088e-01
-1.253868e-02
 1.016272e+00
 1.325446e+00
 6.344127e-01
-9.429001e-02
 6.719011e-01
 1.022718e+00
 8.827261e-02
 8.207565e-01
 1.060300e+00
 1.513803e-01
 3.817107e-01
 5.397270e-01
 6.687661e-01
 5.167184e-01
 5.542869e-01
 4.616576e-01
 8.946026e-01
 7.899624e-01
-6.454537e-02
 1.245080e+00
 4.789865e-01
 3.802877e-02
 8.013176e-01
 2.718125e-01
 1.168109e+00
 6.185885e-01
-5.416612e-02
 9.612766e-01
 2.006625e-01
 1.315775e+00
 8.863729e-01
 9.848239e-03
 8.310265e-01
 1.130126e+00
 2.585999e-01
-1.142035e-02
 7.156901e-01
 3.809497e-01
 8.155129e-01
 3.268435e-01
 1.217601e+00
 1.066570e+00
 2.236039e-01
-4.300449e-02
 7.302131e-01
 3.653756e-01
 8.494763e-01
 3.427824e-01
 1.139389e+00
 1.075036e+00
 2.198868e-01
-4.486904e-03
 6.862139e-01
 4.371090e-01
 6.458588e-01
 3.630007e-01
 1.042751e+00
 5.600624e-01
 1.151268e-01
 7.619219e-01
 2.964005e-01
 1.134283e+00
 6.040350e-01
-2.018541e-02
 9.344165e-01
 2.216208e-01
 1.306581e+00
 8.915180e-01
 1.321333e-02
 8.220029e-01
 1.117761e+00
 2.377455e-01
 4.736664e-02
 6.359225e-01
 5.389940e-01
 4.320682e-01
 8.861973e-01
 4.193968e-01
 7.630071e-01
 7.205751e-01
-8.459434e-03
 9.994263e-01
 2.232855e-01
 1.319815e+00
 1.126690e+00
 3.465900e-01
-2.293661e-01
 1.104002e+00
 2.103400e-01
 1.149359e+00
 1.234861e+00
 4.907104e-01
-2.103819e-01
 1.496279e+00
 1.496375e+00
 1.059168e+00
 6.280582e-01
 1.057590e-01
-3.188676e-01
 1.188508e+00
 3.107930e-01
 5.166929e-01
 5.594089e-01
 4.935006e-01
 4.193459e-01
 1.106652e+00
 9.101908e-01
 1.288783e-03
 1.121112e+00
 1.391696e+00
 7.785177e-01
 1.076012e-01
-1.856979e-01
 8.003838e-01
 2.901824e-01
 9.660754e-01
 4.040828e-01
 7.239651e-01
 6.951288e-01
 3.248846e-02
 9.629535e-01
 2.476783e-01
 1.302862e+00
 1.105726e+00
 3.074780e-01
-2.006350e-01
 9.340296e-01
 1.621981e-01
 1.209497e+00
 5.446316e-01
-2.978431e-03
 8.876098e-01
 2.351390e-01
 1.269312e+00
 7.789374e-01
-8.784386e-02
 1.463034e+00
 1.363326e+00
 8.067936e-01
 2.024142e-01
-2.998967e-01
 1.299301e+00
 5.350949e-01
-9.802186e-02
 9.442523e-01
 1.869573e-01
 1.272765e+00
 7.165028e-01
-1.137344e-01
 1.385613e+00
 8.331746e-01
-2.406105e-02
 9.258363e-01
 1.252489e+00
 4.841008e-01
-2.141631e-01
 1.496847e+00
 1.227206e+00
 5.835760e-01
-1.008819e-01
 5.016796e-01
 8.192402e-01
-2.496806e-02
 1.137742e+00
 3.063049e-01
 7.528351e-01
 8.109047e-01
-5.103647e-02
 1.232349e+00
 4.571187e-01
 9.507520e-02
 7.088402e-01
 3.613012e-01
 9.260874e-01
 4.119415e-01
 7.450931e-01
 7.095625e-01
 7.995683e-03
 9.843165e-01
 2.336278e-01
 1.313199e+00
 1.115860e+00
 3.269176e-01
-2.176705e-01
 1.008275e+00
 1.493324e-01
 1.344869e+00
 9.221250e-01
 5.884920e-02
 4.942894e-01
 6.987630e-01
 1.015362e-01
 9.099024e-01
 2.695668e-01
 1.290069e+00
 1.062177e+00
 2.354017e-01
-9.608913e-02
 7.863900e-01
 2.969847e-01
 1.022122e+00
 4.681800e-01
 3.928958e-01
 4.368042e-01
 1.087683e+00
 8.315912e-01
-6.197657e-02
 1.456872e+00
 1.305254e+00
 7.009504e-01
 4.260347e-02
-1.003023e-01
 6.972324e-01
 4.512727e-01
 5.684350e-01
 4.974127e-01
 6.047795e-01
 4.000000e-01
 9.375652e-01
 4.557889e-01
 5.434915e-01
 4.922829e-01
 7.627522e-01
 6.436379e-01
 1.039629e-01
 8.541257e-01
 2.623816e-01
 1.275587e+00
 8.587058e-01
-2.634438e-02
 1.133888e+00
 1.419501e+00
 8.343531e-01
 1.950211e-01
-2.817522e-01
 1.119109e+00
 2.178586e-01
 1.066531e+00
 1.183153e+00
 3.833739e-01
-2.183167e-01
 1.115808e+00
 2.256527e-01
 1.068061e+00
 1.177130e+00
 3.732409e-01
-2.138245e-01
 1.066979e+00
 1.794702e-01
 1.313876e+00
 1.247363e+00
 5.520234e-01
-1.572679e-01
 1.042425e+00
 1.446915e+00
 8.737207e-01
 2.474610e-01
-2.931083e-01
 1.398356e+00
 7.956563e-01
-5.302447e-02
 1.077000e+00
 1.401024e+00
 7.892964e-01
 1.189938e-01
-2.004051e-01
 8.196647e-01
 2.649662e-01
 1.013478e+00
 4.322203e-01
 5.375725e-01
 5.024613e-01
 7.211309e-01
 5.967314e-01
 2.375254e-01
 6.043462e-01
 5.257410e-01
 4.893201e-01
 6.759113e-01
 3.315329e-01
 1.178380e+00
 7.357812e-01
-9.903599e-02
 1.310900e+00
 6.222878e-01
-1.303112e-01
 1.145439e+00
 2.831728e-01
 7.921574e-01
 8.737853e-01
-3.870979e-02
 1.442939e+00
 1.163407e+00
 4.521250e-01
-2.240678e-01
 1.479589e+00
 1.560927e+00
 1.173348e+00
 8.206410e-01
 4.176950e-01
-1.182599e-01
 5.264986e-02
 5.464027e-01
 8.559203e-01
 5.692093e-01
 2.290811e-01
 5.953554e-01
 5.557845e-01
 4.323117e-01
 8.642762e-01
 3.947447e-01
 9.020653e-01
 8.788947e-01
-3.590830e-02
 1.440782e+00
 1.347493e+00
 7.707139e-01
 1.420122e-01
-2.645576e-01
 9.533300e-01
 1.405847e-01
 1.229308e+00
 5.624140e-01
-4.217016e-02
 9.227739e-01
 2.149888e-01
 1.284443e+00
 7.926377e-01
-7.841194e-02
 1.427369e+00
 1.460437e+00
 9.735596e-01
 4.683191e-01
-1.259004e-01
 2.698623e-01
 5.993642e-01
 4.911822e-01
 4.069575e-01
 1.137414e+00
 8.789193e-01
-2.492461e-02
 1.268650e+00
 1.473325e+00
 9.621926e-01
 4.227646e-01
-1.866187e-01
 7.063766e-01
 1.132404e+00
 2.477479e-01
 5.008588e-02
 6.378386e-01
 5.322081e-01
 4.434555e-01
 8.463306e-01
 3.836434e-01
 9.733798e-01
 9.486628e-01
 2.789921e-02
 1.042270e+00
 1.317038e+00
 6.226815e-01
-1.055075e-01
 7.451641e-01
 1.117985e+00
 2.291636e-01
 9.618048e-02
 5.783023e-01
 6.948441e-01
 3.491131e-01
 1.214326e+00
 9.777937e-01
 9.639966e-02
 4.272681e-01
 6.063610e-01
 3.747890e-01
 4.522519e-01
 9.831160e-01
 5.853411e-01
 1.045319e-01
 7.996698e-01
 2.736517e-01
 1.202163e+00
 6.796347e-01
-1.006558e-01
 1.124957e+00
 2.643375e-01
 9.316192e-01
 1.033012e+00
 1.261983e-01
 4.543755e-01
 6.140165e-01
 3.341534e-01
 4.922406e-01
 8.454353e-01
 4.221734e-01
 7.992502e-01
 7.537228e-01
-4.112466e-02
 1.064723e+00
 2.272268e-01
 1.227447e+00
 1.230199e+00
 4.994221e-01
-2.035744e-01
 1.444839e+00
 1.582935e+00
 1.206116e+00
 8.707096e-01
 4.990213e-01
-5.576675e-03
-2.552132e-01
 8.279211e-01
 2.492724e-01
 1.001566e+00
 4.086345e-01
 6.512972e-01
 6.177084e-01
 2.185049e-01
 6.519420e-01
 4.223693e-01
 7.680805e-01
 3.190039e-01
 1.248617e+00
 9.807361e-01
 1.077228e-01
 3.435408e-01
 5.352873e-01
 7.149347e-01
 5.546416e-01
 3.739630e-01
 4.411584e-01
 1.043888e+00
 6.855962e-01
-5.708069e-02
 1.013650e+00
 1.984307e-01
 1.340323e+00
 1.102254e+00
 3.134694e-01
-2.133000e-01
 9.749349e-01
 1.478696e-01
 1.284219e+00
 7.035498e-01
-1.181193e-01
 1.364560e+00
 7.646908e-01
-8.725459e-02
 1.368889e+00
 1.519154e+00
 1.069704e+00
 6.221845e-01
 8.571901e-02
-3.022036e-01
 1.039164e+00
 1.447177e-01
 1.370290e+00
 1.113112e+00
 3.411315e-01
-2.343081e-01
 1.124713e+00
 2.332005e-01
 1.010491e+00
 1.128638e+00
 2.818348e-01
-1.035768e-01
 8.158465e-01
 2.658886e-01
 1.092840e+00
 5.157105e-01
 1.708701e-01
 6.410906e-01
 4.655265e-01
 6.218508e-01
 3.861772e-01
 9.737746e-01
 4.900949e-01
 3.737686e-01
 4.381652e-01
 1.078148e+00
 7.745005e-01
-8.326011e-02
 1.344107e+00
 7.201187e-01
-1.161522e-01
 1.476114e+00
 1.286587e+00
 6.757296e-01
 1.145439e-02
-1.659758e-02
 6.078667e-01
 6.630250e-01
 3.529597e-01
 1.211485e+00
 9.402838e-01
 4.907443e-02
 7.011427e-01
 9.513518e-01
 1.405380e-02
 1.295147e+00
 1.442938e+00
 9.094755e-01
 3.384369e-01
-2.607420e-01
 1.355048e+00
 1.660832e+00
 1.336642e+00
 1.081711e+00
 8.517921e-01
 5.667778e-01
 1.427831e-01
-3.408570e-01
 1.547255e+00
 1.539245e+00
 1.152655e+00
 7.994390e-01
 3.895053e-01
-1.519187e-01
 2.045885e-01
 5.713745e-01
 6.478450e-01
 4.711282e-01
 7.726842e-01
 6.764455e-01
 4.292717e-02
 9.432587e-01
 2.510532e-01
 1.304858e+00
 1.071124e+00
 2.534341e-01
-1.336353e-01
 8.244919e-01
 2.586896e-01
 1.084495e+00
 4.989547e-01
 2.228662e-01
 5.584083e-01
 6.789019e-01
 3.370274e-01
 1.219612e+00
 8.717680e-01
-2.242699e-02
 1.174088e+00
 1.438598e+00
 8.781351e-01
 2.701741e-01
-2.929425e-01
 1.510982e+00
 1.210087e+00
 5.626207e-01
-1.214811e-01
 6.276931e-01
 9.890325e-01
 4.732881e-02
 1.120327e+00
 1.356972e+00
 7.118527e-01
 1.178542e-02
 7.223155e-02
 5.429671e-01
 8.525990e-01
 5.194398e-01
 3.890185e-01
 4.330862e-01
 1.085099e+00
 7.747751e-01
-8.378102e-02
 1.351866e+00
 7.427367e-01
-1.034460e-01
 1.453875e+00
 1.441139e+00
 9.453792e-01
 4.261579e-01
-1.738990e-01
 5.680692e-01
 9.547450e-01
 1.307481e-02
 1.356099e+00
 1.426799e+00
 8.927175e-01
 3.204685e-01
-2.713592e-01
 1.430410e+00
 1.655547e+00
 1.339284e+00
 1.097290e+00
 8.843212e-01
 6.252915e-01
 2.393985e-01
-2.780846e-01
 9.670742e-01
 1.466296e+00
 9.019743e-01
 2.853859e-01
-2.881444e-01
 1.519927e+00
 1.268012e+00
 6.638422e-01
 5.467663e-03
-1.467311e-02
 6.043476e-01
 6.739627e-01
 3.559136e-01
 1.206173e+00
 9.706075e-01
 8.547065e-02
 4.920016e-01
 6.784590e-01
 1.428175e-01
 8.359216e-01
 2.700159e-01
 1.268289e+00
 8.495801e-01
-3.585392e-02
 1.207221e+00
 1.463441e+00
 9.319298e-01
 3.633075e-01
-2.441190e-01
 1.223589e+00
 1.615865e+00
 1.230885e+00
 8.811055e-01
 4.994965e-01
-1.196375e-02
-2.387931e-01
 8.029868e-01
 2.867818e-01
 9.250727e-01
 3.639680e-01
 9.616494e-01
 9.622926e-01
 4.163053e-02
 9.561938e-01
 1.233469e+00
 4.540531e-01
-2.216050e-01
 1.418987e+00
 8.892043e-01
 4.951191e-02
 4.222887e-01
 6.297868e-01
 3.008543e-01
 5.416814e-01
 6.818039e-01
 3.336556e-01
 1.217072e+00
 8.477225e-01
-4.381588e-02
 1.313734e+00
 1.492003e+00
 1.006735e+00
 5.052468e-01
-8.568351e-02
 9.195925e-02
 5.344059e-01
 8.821976e-01
 6.148612e-01
 1.034903e-01
 8.278978e-01
 2.648259e-01
 1.244447e+00
 7.612834e-01
-9.692844e-02
 1.456464e+00
 1.146199e+00
 4.302582e-01
-2.346952e-01
 1.514117e+00
 1.454934e+00
 9.895547e-01
 5.138389e-01
-5.973243e-02
-3.486536e-02
 6.025083e-01
 6.925581e-01
 3.686665e-01
 1.167537e+00
 1.011529e+00
 1.325008e-01
 2.873539e-01
 5.002844e-01
 9.101011e-01
 7.308466e-01
-5.077793e-02
 1.053319e+00
 2.161618e-01
 1.275609e+00
 1.226346e+00
 5.044382e-01
-1.985154e-01
 1.394458e+00
 1.607461e+00
 1.241984e+00
 9.242862e-01
 5.858312e-01
 1.256592e-01
-3.415426e-01
 1.499990e+00
 1.118730e+00
 4.109103e-01
-2.423518e-01
 1.519116e+00
 1.415872e+00
 9.212056e-01
 4.007041e-01
-1.972053e-01
 7.261760e-01
 1.163324e+00
 3.005897e-01
-8.090720e-02
 8.077935e-01
 2.720971e-01
 1.095054e+00
 5.250447e-01
 1.465835e-01
 6.848046e-01
 3.859078e-01
 8.642804e-01
 3.655531e-01
 1.031791e+00
 1.008347e+00
 1.060603e-01
 5.044646e-01
 6.782486e-01
 1.385229e-01
 8.418651e-01
 2.692299e-01
 1.272947e+00
 8.664089e-01
-1.946295e-02
 1.090238e+00
 1.386519e+00
 7.633805e-01
 8.182292e-02
-1.310731e-01
 7.423077e-01
 3.704083e-01
 7.794762e-01
 3.087252e-01
 1.257286e+00
 9.521392e-01
 7.279952e-02
 5.157673e-01
 7.132533e-01
 6.989056e-02
 9.521835e-01
 2.664354e-01
 1.275502e+00
 1.129162e+00
 3.379289e-01
-2.185840e-01
 1.028807e+00
 1.558515e-01
 1.362794e+00
 1.064301e+00
 2.616573e-01
-1.656649e-01
 8.545062e-01
 2.281767e-01
 1.114113e+00
 4.960962e-01
 1.952102e-01
 5.929170e-01
 5.829773e-01
 3.904629e-01
 1.013042e+00
 5.493587e-01
 1.632111e-01
 6.790339e-01
 3.907674e-01
 8.540555e-01
 3.592239e-01
 1.069989e+00
 1.035245e+00
 1.486279e-01
 2.727117e-01
 4.925064e-01
 9.516917e-01
 7.548542e-01
-6.757146e-02
 1.150504e+00
 3.084345e-01
 6.988265e-01
 7.490106e-01
-1.835840e-02
 1.028233e+00
 2.214902e-01
 1.300008e+00
 1.189171e+00
 4.460133e-01
-2.290506e-01
 1.510591e+00
 1.308836e+00
 7.292177e-01
 9.551915e-02
-2.192173e-01
 8.294896e-01
 2.514016e-01
 1.026850e+00
 4.341389e-01
 5.106685e-01
 4.836443e-01
 8.281029e-01
 7.088828e-01
-1.437608e-02
 9.947580e-01
 2.194520e-01
 1.326043e+00
 1.102711e+00
 3.096416e-01
-2.073418e-01
 9.529088e-01
 1.534401e-01
 1.241253e+00
 6.005259e-01
-8.261964e-02
 9.736089e-01
 1.861404e-01
 1.318246e+00
 8.687944e-01
-7.993034e-03
 9.468913e-01
 1.260956e+00
 5.028098e-01
-2.066120e-01
 1.505924e+00
 1.422966e+00
 9.291242e-01
 4.105916e-01
-1.876169e-01
 6.552302e-01
 1.072079e+00
 1.518573e-01
 4.530943e-01
 5.973930e-01
 3.913289e-01
 4.385555e-01
 1.033523e+00
 6.569267e-01
-2.968432e-02
 9.700220e-01
 2.118159e-01
 1.327405e+00
 9.849337e-01
 1.343364e-01
 1.667046e-01
 5.063327e-01
 9.424849e-01
 6.335659e-01
 3.956300e-02
 9.144328e-01
 2.468779e-01
 1.305272e+00
 9.695935e-01
 1.072426e-01
 2.974796e-01
 5.120527e-01
 8.514780e-01
 6.815830e-01
 8.477055e-03
 9.664201e-01
 2.338702e-01
 1.318012e+00
 1.068973e+00
 2.540613e-01
-1.391299e-01
 8.289415e-01
 2.543079e-01
 1.088861e+00
 4.989221e-01
 2.178979e-01
 5.646661e-01
 6.604847e-01
 3.392022e-01
 1.201083e+00
 8.110746e-01
-7.144197e-02
 1.450681e+00
 1.389057e+00
 8.492182e-01
 2.672342e-01
-2.956035e-01
 1.535436e+00
 1.394406e+00
 8.895380e-01
 3.528680e-01
-2.418045e-01
 1.110461e+00
 1.551973e+00
 1.090360e+00
 6.221216e-01
 6.940795e-02
-2.788132e-01
 9.269599e-01
 1.481680e-01
 1.177752e+00
 4.778282e-01
 1.522057e-01
 6.412447e-01
 4.735638e-01
 5.947239e-01
 4.278739e-01
 8.317452e-01
 3.603180e-01
 1.089007e+00
 1.040516e+00
 1.592837e-01
 2.181075e-01
 4.908038e-01
 9.820964e-01
 7.176397e-01
-5.971318e-02
 1.054369e+00
 2.131455e-01
 1.280081e+00
 1.227554e+00
 5.077404e-01
-1.960118e-01
 1.374635e+00
 1.610107e+00
 1.243356e+00
 9.235985e-01
 5.830255e-01
 1.204798e-01
-3.416312e-01
 1.479215e+00
 1.038305e+00
 2.784324e-01
-2.264468e-01
 9.776405e-01
 1.447427e-01
 1.287526e+00
 7.097510e-01
-1.170819e-01
 1.390416e+00
 8.472548e-01
-8.418234e-03
 8.137645e-01
 1.124607e+00
 2.476085e-01
 2.179726e-02
 6.710356e-01
 4.605748e-01
 5.908886e-01
 4.417130e-01
 7.802697e-01
 3.306860e-01
 1.225762e+00
 1.037707e+00
 1.822101e-01
 6.657255e-02
 5.901706e-01
 6.722354e-01
 3.463896e-01
 1.218066e+00
 9.236838e-01
 3.102234e-02
 8.108189e-01
 1.092186e+00
 1.969026e-01
 1.880946e-01
 5.002715e-01
 9.495244e-01
 6.268957e-01
 4.687145e-02
 9.031320e-01
 2.488675e-01
 1.300583e+00
 9.432133e-01
 7.211078e-02
 4.753112e-01
 6.693827e-01
 1.696762e-01
 7.849750e-01
 2.822334e-01
 1.209629e+00
 7.092808e-01
-1.054177e-01
 1.251156e+00
 4.783556e-01
 2.725670e-02
 8.134532e-01
 2.645748e-01
 1.182983e+00
 6.314438e-01
-7.171012e-02
 9.850904e-01
 1.897673e-01
 1.332471e+00
 9.454215e-01
 8.384445e-02
 3.802663e-01
 5.729504e-01
 5.286059e-01
 4.203964e-01
 1.086158e+00
 9.268594e-01
 1.606456e-02
 1.036657e+00
 1.321280e+00
 6.297852e-01
-9.805201e-02
 6.923837e-01
 1.050197e+00
 1.250699e-01
 5.828226e-01
 7.536367e-01
 2.200273e-03
 1.017147e+00
 2.319564e-01
 1.291652e+00
 1.180964e+00
 4.295628e-01
-2.339009e-01
 1.478835e+00
 1.109184e+00
 3.834003e-01
-2.501600e-01
 1.467281e+00
 1.048023e+00
 2.848068e-01
-2.261190e-01
 9.843161e-01
 1.446451e-01
 1.301450e+00
 7.514552e-01
-1.016388e-01
 1.471509e+00
 1.293303e+00
 6.855892e-01
 2.407948e-02
-5.378298e-02
 6.460221e-01
 5.630096e-01
 3.872528e-01
 1.058987e+00
 6.158061e-01
 7.284889e-03
 9.257082e-01
 2.342371e-01
 1.308009e+00
 9.351816e-01
 6.414104e-02
 5.104417e-01
 7.131870e-01
 7.160551e-02
 9.508143e-01
 2.669962e-01
 1.275274e+00
 1.128135e+00
 3.361765e-01
-2.174779e-01
 1.021153e+00
 1.531252e-01
 1.358830e+00
 1.013165e+00
 1.842990e-01
-1.390775e-02
 6.779070e-01
 4.598907e-01
 5.805858e-01
 4.638609e-01
 7.075824e-01
 3.210040e-01
 1.217759e+00
 8.112909e-01
-7.055256e-02
 1.441141e+00
 1.419916e+00
 9.026537e-01
 3.524624e-01
-2.462585e-01
 1.185921e+00
 1.599321e+00
 1.193490e+00
 8.111733e-01
 3.787481e-01
-1.748255e-01
 3.664844e-01
 7.171015e-01
 1.092532e-01
 9.196735e-01
 2.754907e-01
 1.276881e+00
 1.097795e+00
 2.874328e-01
-1.736199e-01
 8.762697e-01
 2.073773e-01
 1.140711e+00
 4.993412e-01
 1.547941e-01
 6.528152e-01
 4.457773e-01
 6.745589e-01
 3.347551e-01
 1.143221e+00
 6.745025e-01
-8.136303e-02
 1.046133e+00
 2.005220e-01
 1.315270e+00
 1.205818e+00
 4.792001e-01
-2.130977e-01
 1.470972e+00
 1.561678e+00
 1.172611e+00
 8.177258e-01
 4.119341e-01
-1.261062e-01
 8.703734e-02
 5.397033e-01
 8.639037e-01
 6.098721e-01
 1.238253e-01
 7.942368e-01
 2.767023e-01
 1.202822e+00
 6.859365e-01
-1.020904e-01
 1.148649e+00
 2.952958e-01
 7.446149e-01
 8.109304e-01
-5.022950e-02
 1.227362e+00
 4.472404e-01
 1.221107e-01
 6.631803e-01
 4.364831e-01
 6.923606e-01
 3.248135e-01
 1.177194e+00
 7.201894e-01
-9.976148e-02
 1.246269e+00
 4.696745e-01
 4.794128e-02
 7.822482e-01
 2.849266e-01
 1.136254e+00
 5.913779e-01
-5.734234e-03
 9.186689e-01
 2.296500e-01
 1.299218e+00
 8.772980e-01
-3.512344e-03
 9.446353e-01
 1.255605e+00
 4.926252e-01
-2.110675e-01
 1.507450e+00
 1.333428e+00
 7.706678e-01
 1.568321e-01
-2.836106e-01
 1.056146e+00
 1.584053e-01
 1.352623e+00
 1.207993e+00
 4.942044e-01
-2.019971e-01
 1.385074e+00
 1.612875e+00
 1.250499e+00
 9.375429e-01
 6.076945e-01
 1.601649e-01
-3.345759e-01
 1.547194e+00
 1.516169e+00
 1.111042e+00
 7.283408e-01
 2.716111e-01
-2.761111e-01
 1.156642e+00
 1.602915e+00
 1.196777e+00
 8.133492e-01
 3.805546e-01
-1.732489e-01
 3.586078e-01
 7.077701e-01
 1.296903e-01
 8.859049e-01
 2.732277e-01
 1.289486e+00
 1.023377e+00
 1.774173e-01
 4.697657e-02
 6.084118e-01
 6.228516e-01
 3.522913e-01
 1.172138e+00
 7.668851e-01
-9.188369e-02
 1.410320e+00
 9.336801e-01
 9.814703e-02
 2.208520e-01
 4.983075e-01
 9.563934e-01
 7.294723e-01
-5.981819e-02
 1.071808e+00
 2.247052e-01
 1.217511e+00
 1.234010e+00
 5.039202e-01
-2.010286e-01
 1.432293e+00
 1.590792e+00
 1.218120e+00
 8.892513e-01
 5.293925e-01
 3.943449e-02
-3.094498e-01
 1.007656e+00
 1.308312e-01
 1.342265e+00
 8.808630e-01
 1.085740e-02
 7.836868e-01
 1.076591e+00
 1.707646e-01
 3.070291e-01
 4.944989e-01
 9.227076e-01
 7.476116e-01
-6.068879e-02
 1.106225e+00
 2.555056e-01
 1.027914e+00
 1.121829e+00
 2.736285e-01
-9.243830e-02
 8.030034e-01
 2.779032e-01
 1.073186e+00
 5.066909e-01
 2.149059e-01
 5.731013e-01
 6.339121e-01
 3.487927e-01
 1.157321e+00
 7.262032e-01
-9.656518e-02
 1.243345e+00
 4.644995e-01
 6.094174e-02
 7.615374e-01
 3.019498e-01
 1.094570e+00
 5.585161e-01
 7.706641e-02
 8.141036e-01
 2.663477e-01
 1.211509e+00
 6.862769e-01
-1.043475e-01
 1.163017e+00
 3.158198e-01
 6.279699e-01
 6.655647e-01
 1.168102e-01
 8.585750e-01
 2.653150e-01
 1.282354e+00
 8.979768e-01
 1.483544e-02
 8.437567e-01
 1.140239e+00
 2.766535e-01
-5.631276e-02
 7.730539e-01
 3.065659e-01
 1.021714e+00
 4.762275e-01
 3.659721e-01
 4.407166e-01
 1.074075e+00
 7.722632e-01
-8.327491e-02
 1.331667e+00
 6.846514e-01
-1.293881e-01
 1.410898e+00
 9.110051e-01
 7.076150e-02
 3.370583e-01
 5.481531e-01
 6.621588e-01
 5.036266e-01
 6.151300e-01
 5.100666e-01
 6.258225e-01
 5.127491e-01
 6.056584e-01
 4.961905e-01
 6.948010e-01
 5.808378e-01
 3.008064e-01
 5.104409e-01
 8.000865e-01
 3.851714e-01
 1.017074e+00
 9.749248e-01
 6.208076e-02
 7.794423e-01
 1.033529e+00
 1.107587e-01
 6.222463e-01
 8.106129e-01
-3.692062e-02
 1.159659e+00
 3.325409e-01
 5.928619e-01
 6.168818e-01
 2.514823e-01
 6.003636e-01
 5.290018e-01
 4.851186e-01
 6.875726e-01
 3.270800e-01
 1.197481e+00
 7.703631e-01
-9.189026e-02
 1.439700e+00
 1.059299e+00
 2.863557e-01
-2.176679e-01
 9.583034e-01
 1.496153e-01
 1.249206e+00
 6.149788e-01
-9.556152e-02
 1.005593e+00
 1.816516e-01
 1.345846e+00
 1.012350e+00
 1.786558e-01
 9.430458e-03
 6.494688e-01
 5.209309e-01
 4.548300e-01
 8.126217e-01
 3.591919e-01
 1.112070e+00
 1.047278e+00
 1.731049e-01
 1.534500e-01
 5.162968e-01
 9.033351e-01
 5.585920e-01
 2.245856e-01
 5.940416e-01
 5.622381e-01
 4.215771e-01
 9.019011e-01
 4.297541e-01
 6.973486e-01
 6.452800e-01
 1.297573e-01
 8.201249e-01
 2.694993e-01
 1.244856e+00
 7.715142e-01
-9.226911e-02
 1.465675e+00
 1.235377e+00
 5.829411e-01
-1.073239e-01
 5.669766e-01
 9.036523e-01
-2.054811e-02
 1.434423e+00
 1.136325e+00
 4.041288e-01
-2.437124e-01
 1.488003e+00
 1.143303e+00
 4.420030e-01
-2.275800e-01
 1.473649e+00
 1.575041e+00
 1.198033e+00
 8.619975e-01
 4.869864e-01
-2.209552e-02
-2.279367e-01
 7.863043e-01
 3.129832e-01
 8.645664e-01
 3.300557e-01
 1.170651e+00
 1.092639e+00
 2.536981e-01
-9.182554e-02
 7.922260e-01
 2.895446e-01
 1.044616e+00
 4.863765e-01
 3.058170e-01
 4.710926e-01
 9.676358e-01
 5.901809e-01
 1.044805e-01
 8.040755e-01
 2.718301e-01
 1.209375e+00
 6.909688e-01
-1.044368e-01
 1.177654e+00
 3.389624e-01
 5.085069e-01
 5.357080e-01
 5.966078e-01
 4.728573e-01
 8.086355e-01
 7.063398e-01
-6.420234e-03
 9.889439e-01
 2.243968e-01
 1.322584e+00
 1.101009e+00
 3.058418e-01
-2.033724e-01
 9.390194e-01
 1.593445e-01
 1.217058e+00
 5.559506e-01
-2.411666e-02
 9.089064e-01
 2.246966e-01
 1.280884e+00
 7.975622e-01
-7.539507e-02
 1.418085e+00
 1.470062e+00
 9.890153e-01
 4.927382e-01
-9.552295e-02
 1.204439e-01
 5.325199e-01
 8.741222e-01
 6.359299e-01
 6.764952e-02
 8.900350e-01
 2.546583e-01
 1.295659e+00
 9.346190e-01
 6.026416e-02
 5.461188e-01
 7.568597e-01
 7.019221e-03
 1.016903e+00
 2.351927e-01
 1.285231e+00
 1.183888e+00
 4.328314e-01
-2.329639e-01
 1.484528e+00
 1.136600e+00
 4.294493e-01
-2.343645e-01
 1.505610e+00
 1.507046e+00
 1.081439e+00
 6.681759e-01
 1.696816e-01
-3.283161e-01
 1.520726e+00
 1.223979e+00
 5.908746e-01
-8.715393e-02
 3.985308e-01
 6.923715e-01
 1.476450e-01
 8.444039e-01
 2.711742e-01
 1.277050e+00
 8.910151e-01
 6.253181e-03
 9.082856e-01
 1.213366e+00
 4.108240e-01
-2.164606e-01
 1.174816e+00
 3.075108e-01
 5.954836e-01
 6.374263e-01
 1.948358e-01
 7.096243e-01
 3.376949e-01
 1.040003e+00
 5.284817e-01
 1.915732e-01
 6.199851e-01
 5.080357e-01
 5.187476e-01
 5.944908e-01
 4.073281e-01
 9.200947e-01
 4.402206e-01
 6.294082e-01
 5.718489e-01
 3.725103e-01
 4.448574e-01
 1.024030e+00
 6.506569e-01
-1.929973e-02
 9.610110e-01
 2.185123e-01
 1.323496e+00
 9.826373e-01
 1.300134e-01
 1.864207e-01
 4.995829e-01
 9.624506e-01
 6.783508e-01
-2.522063e-02
 9.808698e-01
 2.133492e-01
 1.330893e+00
 1.034003e+00
 2.052556e-01
-4.965559e-02
 7.271053e-01
 3.727306e-01
 8.224101e-01
 3.276946e-01
 1.211049e+00
 1.072902e+00
 2.318198e-01
-5.938637e-02
 7.512487e-01
 3.365217e-01
 9.311916e-01
 4.003292e-01
 7.900497e-01
 7.663558e-01
-4.550023e-02
 1.094503e+00
 2.493611e-01
 1.085195e+00
 1.165535e+00
 3.565079e-01
-2.057641e-01
 1.003019e+00
 1.508708e-01
 1.337781e+00
 8.921504e-01
 2.196146e-02
 7.202230e-01
 9.943733e-01
 5.843726e-02
 9.937642e-01
 1.254659e+00
 4.985415e-01
-2.082632e-01
 1.506238e+00
 1.427227e+00
 9.369001e-01
 4.236093e-01
-1.732938e-01
 5.489231e-01
 9.305986e-01
-5.019339e-03
 1.428932e+00
 1.324815e+00
 7.259398e-01
 7.302839e-02
-1.633077e-01
 7.659094e-01
 3.382944e-01
 8.515853e-01
 3.321625e-01
 1.175074e+00
 1.087743e+00
 2.469366e-01
-7.965397e-02
 7.782673e-01
 3.042102e-01
 1.013624e+00
 4.650261e-01
 4.146558e-01
 4.373159e-01
 1.082111e+00
 8.625696e-01
-4.192947e-02
 1.400185e+00
 1.451344e+00
 9.495540e-01
 4.227737e-01
-1.806498e-01
 6.314997e-01
 1.037987e+00
 1.043387e-01
 7.387758e-01
 9.544194e-01
 1.840018e-02
 1.250234e+00
 1.434890e+00
 8.850262e-01
 2.916047e-01
-2.868202e-01
 1.532049e+00
 1.479763e+00
 1.040418e+00
 6.043328e-01
 7.314257e-02
-2.989745e-01
 1.005367e+00
 1.322821e-01
 1.338177e+00
 8.661227e-01
-5.798062e-03
 8.998947e-01
 1.213752e+00
 4.102980e-01
-2.157868e-01
 1.167730e+00
 2.965376e-01
 6.543742e-01
 7.089572e-01
 3.491248e-02
 9.711580e-01
 2.499412e-01
 1.294918e+00
 1.128146e+00
 3.416512e-01
-2.235145e-01
 1.059485e+00
 1.720487e-01
 1.335531e+00
 1.224409e+00
 5.176203e-01
-1.855282e-01
 1.266225e+00
 1.591797e+00
 1.190270e+00
 8.159312e-01
 3.921180e-01
-1.569296e-01
 2.552104e-01
 6.051960e-01
 4.771419e-01
 4.071128e-01
 1.134751e+00
 8.462009e-01
-5.115057e-02
 1.412324e+00
 1.447547e+00
 9.456347e-01
 4.184337e-01
-1.847204e-01
 6.595469e-01
 1.075132e+00
 1.565430e-01
 4.271617e-01
 5.718263e-01
 5.031455e-01
 4.161603e-01
 1.112397e+00
 9.149630e-01
 6.699336e-03
 1.078882e+00
 1.359717e+00
 7.099828e-01
 5.191795e-03
 1.062033e-01
 5.267942e-01
 9.006317e-01
 6.011088e-01
 1.219647e-01
 7.887544e-01
 2.791425e-01
 1.192440e+00
 6.702198e-01
-9.515793e-02
 1.081482e+00
 2.205037e-01
 1.202871e+00
 1.238290e+00
 5.082737e-01
-1.986738e-01
 1.421927e+00
 1.595420e+00
 1.224658e+00
 8.987929e-01
 5.447138e-01
 6.246603e-02
-3.261497e-01
 1.143180e+00
 2.411196e-01
 8.943571e-01
 1.017061e+00
 1.007580e-01
 6.178583e-01
 8.127131e-01
-3.690483e-02
 1.165031e+00
 3.407251e-01
 5.499382e-01
 5.701155e-01
 4.305072e-01
 4.199743e-01
 1.109079e+00
 8.016108e-01
-7.684092e-02
 1.443629e+00
 1.098186e+00
 3.477733e-01
-2.470456e-01
 1.254804e+00
 4.488894e-01
 5.307949e-02
 7.604085e-01
 3.040427e-01
 1.085081e+00
 5.490203e-01
 1.036936e-01
 7.692072e-01
 2.915394e-01
 1.143587e+00
 6.105189e-01
-3.286772e-02
 9.446391e-01
 2.140862e-01
 1.309891e+00
 8.890706e-01
 1.134271e-02
 8.296582e-01
 1.127532e+00
 2.542552e-01
-4.984094e-05
 7.002384e-01
 4.061888e-01
 7.404389e-01
 3.111491e-01
 1.237629e+00
 8.504878e-01
-3.919439e-02
 1.264514e+00
 1.483790e+00
 9.815015e-01
 4.548888e-01
-1.509254e-01
 4.493826e-01
 7.932693e-01
-4.496080e-03
 1.057886e+00
 2.412596e-01
 1.204493e+00
 1.214438e+00
 4.661444e-01
-2.213074e-01
 1.511954e+00
 1.365287e+00
 8.285606e-01
 2.482507e-01
-3.012317e-01
 1.520570e+00
 1.254088e+00
 6.407564e-01
-2.507558e-02
 9.508981e-02
 5.306951e-01
 8.925851e-01
 5.981933e-01
 1.330682e-01
 7.693149e-01
 2.900699e-01
 1.161581e+00
 6.352013e-01
-6.447190e-02
 9.804123e-01
 1.932255e-01
 1.329780e+00
 9.391999e-01
 7.521900e-02
 4.265546e-01
 6.183076e-01
 3.350829e-01
 4.936290e-01
 8.388070e-01
 4.151170e-01
 8.391817e-01
 7.995003e-01
-5.910944e-02
 1.243406e+00
 4.773600e-01
 4.333439e-02
 7.936689e-01
 2.767360e-01
 1.156902e+00
 6.089920e-01
-3.886794e-02
 9.468746e-01
 2.108267e-01
 1.309289e+00
 8.790801e-01
 5.682622e-04
 9.024276e-01
 1.211663e+00
 4.069499e-01
-2.148888e-01
 1.151221e+00
 2.722010e-01
 7.921089e-01
 8.829366e-01
-3.394662e-02
 1.446848e+00
 1.241279e+00
 5.852421e-01
-1.077677e-01
 5.827363e-01
 9.234160e-01
-9.613699e-03
 1.433774e+00
 1.308679e+00
 6.987050e-01
 3.498528e-02
-7.382847e-02
 6.692472e-01
 5.084927e-01
 4.570590e-01
 8.175007e-01
 3.647339e-01
 1.085416e+00
 1.033096e+00
 1.480944e-01
 2.667881e-01
 4.917191e-01
 9.581705e-01
 7.557053e-01
-6.875198e-02
 1.158518e+00
 3.197746e-01
 6.346127e-01
 6.696903e-01
 1.060362e-01
 8.764547e-01
 2.643307e-01
 1.291608e+00
 9.508554e-01
 7.938200e-02
 4.461491e-01
 6.347691e-01
 2.739439e-01
 5.827890e-01
 5.661240e-01
 4.218229e-01
 8.957585e-01
 4.225690e-01
 7.368837e-01
 6.913038e-01
 3.363179e-02
 9.596755e-01
 2.480135e-01
 1.303731e+00
 1.099444e+00
 2.976612e-01
-1.914110e-01
 9.078099e-01
 1.793831e-01
 1.173824e+00
 5.061767e-01
 9.922868e-02
 7.404095e-01
 3.186440e-01
 1.062134e+00
 5.364505e-01
 1.515795e-01
 6.863620e-01
 3.817274e-01
 8.800490e-01
 3.778402e-01
 9.589150e-01
 9.446526e-01
 2.246000e-02
 1.089944e+00
 1.355889e+00
 7.045205e-01
-1.132779e-03
 1.297647e-01
 5.199530e-01
 9.175670e-01
 6.451759e-01
 3.297982e-02
 9.278980e-01
 2.450476e-01
 1.309460e+00
 1.002906e+00
 1.538699e-01
 1.100571e-01
 5.424084e-01
 8.241600e-01
 4.567852e-01
 6.674002e-01
 5.928511e-01
 2.805534e-01
 5.418431e-01
 6.963528e-01
 3.346591e-01
 1.228123e+00
 9.065662e-01
 1.385741e-02
 9.152068e-01
 1.214665e+00
 4.141465e-01
-2.177697e-01
 1.196360e+00
 3.431126e-01
 4.216958e-01
 4.781034e-01
 9.187669e-01
 7.790504e-01
-6.671351e-02
 1.219307e+00
 4.254345e-01
 1.802724e-01
 5.717884e-01
 6.613559e-01
 3.400498e-01
 1.206390e+00
 8.308086e-01
-5.785842e-02
 1.397862e+00
 1.472014e+00
 9.875839e-01
 4.866030e-01
-1.047852e-01
 1.666700e-01
 5.395852e-01
 8.142789e-01
 6.100103e-01
 1.507217e-01
 7.532030e-01
 3.006415e-01
 1.136734e+00
 6.133098e-01
-3.201910e-02
 9.457861e-01
 2.142764e-01
 1.311142e+00
 8.953665e-01
 1.852398e-02
 7.809549e-01
 1.067786e+00
 1.577868e-01
 3.684890e-01
 5.280885e-01
 7.299832e-01
 5.744520e-01
 2.981847e-01
 5.099783e-01
 8.041744e-01
 3.892061e-01
 9.951545e-01
 9.565719e-01
 3.854030e-02
 9.532140e-01
 1.232980e+00
 4.527120e-01
-2.216966e-01
 1.412224e+00
 8.669700e-01
 2.165982e-02
 5.827744e-01
 8.282510e-01
-3.591189e-02
 1.205456e+00
 4.099916e-01
 2.477926e-01
 4.965309e-01
 9.060259e-01
 5.205122e-01
 3.379558e-01
 4.565635e-01
 1.004902e+00
 6.359984e-01
 6.875161e-03
 9.387304e-01
 2.335353e-01
 1.314470e+00
 9.788438e-01
 1.222002e-01
 2.251445e-01
 4.943698e-01
 9.688237e-01
 7.341402e-01
-6.426866e-02
 1.092449e+00
 2.404945e-01
 1.117687e+00
 1.191453e+00
 4.074442e-01
-2.282000e-01
 1.277577e+00
 5.025879e-01
-4.541893e-02
 8.918343e-01
 2.232073e-01
 1.247419e+00
 6.994709e-01
-1.126949e-01
 1.277819e+00
 5.359336e-01
-6.976004e-02
 9.238523e-01
 2.044307e-01
 1.266611e+00
 7.227851e-01
-1.114887e-01
 1.394946e+00
 8.656881e-01
 1.247463e-02
 6.752073e-01
 9.474021e-01
 9.729247e-03
 1.331161e+00
 1.441347e+00
 9.142781e-01
 3.520167e-01
-2.499653e-01
 1.250111e+00
 1.630509e+00
 1.263002e+00
 9.403732e-01
 6.024466e-01
 1.471257e-01
-3.380763e-01
 1.544972e+00
 1.368695e+00
 8.486654e-01
 2.893626e-01
-2.857369e-01
 1.488382e+00
 1.621474e+00
 1.287469e+00
 1.018265e+00
 7.548276e-01
 4.078163e-01
-9.462976e-02
-9.887007e-02
 6.443559e-01
 5.907829e-01
 3.644200e-01
 1.154978e+00
 7.547155e-01
-9.362829e-02
 1.353015e+00
 7.414655e-01
-1.040700e-01
 1.454525e+00
 1.440339e+00
 9.441040e-01
 4.241559e-01
-1.760853e-01
 5.837985e-01
 9.758504e-01
 3.226056e-02
 1.240621e+00
 1.421423e+00
 8.574047e-01
 2.454095e-01
-2.967783e-01
 1.439636e+00
 9.228418e-01
 1.004945e-01
 1.667115e-01
 5.060221e-01
 9.479808e-01
 6.589496e-01
 1.500447e-03
 9.558287e-01
 2.301947e-01
 1.320025e+00
 1.020792e+00
 1.825434e-01
 1.439999e-02
 6.458930e-01
 5.282070e-01
 4.434708e-01
 8.509927e-01
 3.884772e-01
 9.463012e-01
 9.226428e-01
 3.934343e-05
 1.247824e+00
 1.449171e+00
 9.118977e-01
 3.355396e-01
-2.635547e-01
 1.388441e+00
 1.661179e+00
 1.342633e+00
 1.096738e+00
 8.799736e-01
 6.161476e-01
 2.235490e-01
-2.920316e-01
 1.105887e+00
 1.581876e+00
 1.148952e+00
 7.237569e-01
 2.292383e-01
-3.082408e-01
 1.496926e+00
 1.635171e+00
 1.314702e+00
 1.066339e+00
 8.376183e-01
 5.486839e-01
 1.166315e-01
-3.474104e-01
 1.534516e+00
 1.278019e+00
 6.883076e-01
 4.319053e-02
-1.256023e-01
 7.203887e-01
 4.105739e-01
 6.638484e-01
 3.488775e-01
 1.080475e+00
 5.967801e-01
 2.223206e-02
 9.023482e-01
 2.407318e-01
 1.295138e+00
 8.867583e-01
 5.509587e-03
 8.891982e-01
 1.194703e+00
 3.751680e-01
-1.978261e-01
 9.989500e-01
 1.520259e-01
 1.331995e+00
 8.693745e-01
-4.048680e-03
 8.984286e-01
 1.211008e+00
 4.052114e-01
-2.140301e-01
 1.140125e+00
 2.569942e-01
 8.825673e-01
 9.917231e-01
 6.809814e-02
 8.307436e-01
 1.086499e+00
 1.906718e-01
 2.048352e-01
 4.931748e-01
 9.727200e-01
 6.729732e-01
-2.339503e-02
 9.765046e-01
 2.147039e-01
 1.329476e+00
 1.023600e+00
 1.895586e-01
-1.004686e-02
 6.763803e-01
 4.618109e-01
 5.770126e-01
 4.707789e-01
 6.864093e-01
 3.271646e-01
 1.186856e+00
 7.454323e-01
-9.845937e-02
 1.358394e+00
 7.552821e-01
-9.474204e-02
 1.414369e+00
 1.496892e+00
 1.038148e+00
 5.758464e-01
 1.968031e-02
-2.234024e-01
 7.992083e-01
 2.929864e-01
 9.234163e-01
 3.660708e-01
 9.546248e-01
 9.544208e-01
 3.238475e-02
 1.024686e+00
 1.299788e+00
 5.873063e-01
-1.427741e-01
 1.045726e+00
 1.439635e+00
 8.598934e-01
 2.255778e-01
-2.901720e-01
 1.276318e+00
 4.855096e-01
-3.077086e-02
 8.722842e-01
 2.332508e-01
 1.233299e+00
 6.809895e-01
-1.092352e-01
 1.178792e+00
 3.394762e-01
 5.027878e-01
 5.308869e-01
 6.214720e-01
 4.924173e-01
 6.986130e-01
 5.878537e-01
 2.768522e-01
 5.432882e-01
 6.938971e-01
 3.346768e-01
 1.227079e+00
 8.997560e-01
 6.438009e-03
 9.672108e-01
 1.269264e+00
 5.212565e-01
-1.965095e-01
 1.467988e+00
 1.545934e+00
 1.142692e+00
 7.656359e-01
 3.245552e-01
-2.289241e-01
 7.352331e-01
 1.197053e+00
 3.593753e-01
-1.679390e-01
 9.130994e-01
 1.813312e-01
 1.190996e+00
 5.339486e-01
 3.117419e-02
 8.492786e-01
 2.503448e-01
 1.239349e+00
 7.222337e-01
-1.086086e-01
 1.350122e+00
 7.261371e-01
-1.128591e-01
 1.474218e+00
 1.355965e+00
 7.975576e-01
 1.904322e-01
-2.972702e-01
 1.233222e+00
 3.951107e-01
 1.854332e-01
 5.513132e-01
 7.316578e-01
 3.544505e-01
 1.188253e+00
 1.028177e+00
 1.601238e-01
 1.622370e-01
 5.099765e-01
 9.263375e-01
 5.975936e-01
 1.143254e-01
 7.967055e-01
 2.752992e-01
 1.202184e+00
 6.823732e-01
-1.012482e-01
 1.134725e+00
 2.765577e-01
 8.563865e-01
 9.481073e-01
 1.859433e-02
 1.182999e+00
 1.412105e+00
 8.286589e-01
 1.920340e-01
-2.824127e-01
 1.117113e+00
 2.153918e-01
 1.080627e+00
 1.194470e+00
 4.056594e-01
-2.257576e-01
 1.244186e+00
 4.317360e-01
 1.025637e-01
 6.801301e-01
 4.091129e-01
 7.717730e-01
 3.164750e-01
 1.251150e+00
 9.761740e-01
 1.022683e-01
 3.676760e-01
 5.539382e-01
 6.163437e-01
 4.698897e-01
 8.056320e-01
 7.072804e-01
-6.550693e-03
 9.896158e-01
 2.243123e-01
 1.322473e+00
 1.102663e+00
 3.084547e-01
-2.056009e-01
 9.470801e-01
 1.557196e-01
 1.230780e+00
 5.800236e-01
-5.986968e-02
 9.422493e-01
 2.025130e-01
 1.293828e+00
 8.038385e-01
-6.963750e-02
 1.378774e+00
 1.498050e+00
 1.032003e+00
 5.590474e-01
-7.366116e-03
-1.665161e-01
 7.349530e-01
 3.941365e-01
 6.838255e-01
 3.331914e-01
 1.127051e+00
 6.453767e-01
-5.718100e-02
 9.810796e-01
 1.965583e-01
 1.331448e+00
 9.585295e-01
 1.003572e-01
 3.035647e-01
 5.171305e-01
 8.245049e-01
 6.568757e-01
 5.375995e-02
 9.201323e-01
 2.529135e-01
 1.304850e+00
 1.018304e+00
 1.744356e-01
 4.693598e-02
 6.072018e-01
 6.268299e-01
 3.508813e-01
 1.178798e+00
 7.801565e-01
-8.744809e-02
 1.445164e+00
 1.092733e+00
 3.400467e-01
-2.457230e-01
 1.215070e+00
 3.708913e-01
 2.923356e-01
 4.646335e-01
 1.024763e+00
 7.110443e-01
-6.642339e-02
 1.060764e+00
 2.145253e-01
 1.265427e+00
 1.235091e+00
 5.173690e-01
-1.896930e-01
 1.333452e+00
 1.607314e+00
 1.230896e+00
 8.959209e-01
 5.325699e-01
 4.074653e-02
-3.088555e-01
 1.006703e+00
 1.307047e-01
 1.340565e+00
 8.736535e-01
 2.688231e-03
 8.396122e-01
 1.144708e+00
 2.834548e-01
-6.964439e-02
 7.890413e-01
 2.901436e-01
 1.057901e+00
 5.019044e-01
 2.447845e-01
 5.336476e-01
 7.541704e-01
 3.595749e-01
 1.158445e+00
 1.040802e+00
 1.723561e-01
 1.334332e-01
 5.291828e-01
 8.619954e-01
 5.008237e-01
 4.483910e-01
 4.315884e-01
 1.087084e+00
 8.852069e-01
-2.358327e-02
 1.299367e+00
 1.475200e+00
 9.717930e-01
 4.435789e-01
-1.623806e-01
 5.204337e-01
 8.872964e-01
-2.576448e-02
 1.390763e+00
 9.090656e-01
 5.954697e-02
 4.241523e-01
 6.254785e-01
 3.133440e-01
 5.228503e-01
 7.412398e-01
 3.442890e-01
 1.210301e+00
 1.022644e+00
 1.569114e-01
 1.617029e-01
 5.099646e-01
 9.270304e-01
 5.995752e-01
 1.097600e-01
 8.050953e-01
 2.717371e-01
 1.213623e+00
 6.996329e-01
-1.060570e-01
 1.218711e+00
 4.118139e-01
 2.072748e-01
 5.347779e-01
 7.789751e-01
 3.838729e-01
 1.043699e+00
 9.901637e-01
 8.417098e-02
 6.223716e-01
 8.303088e-01
-3.984788e-02
 1.234080e+00
 4.648872e-01
 7.940876e-02
 7.366799e-01
 3.263661e-01
 1.030619e+00
 5.052452e-01
 2.646829e-01
 5.133794e-01
 8.186642e-01
 4.094101e-01
 8.882037e-01
 8.504270e-01
-5.115833e-02
 1.437423e+00
 1.099139e+00
 3.462974e-01
-2.458622e-01
 1.237375e+00
 4.136219e-01
 1.470159e-01
 6.075309e-01
 5.669484e-01
 4.055406e-01
 9.664119e-01
 4.993444e-01
 3.502635e-01
 4.470387e-01
 1.045017e+00
 7.049122e-01
-6.843020e-02
 1.056846e+00
 2.113032e-01
 1.279497e+00
 1.230833e+00
 5.134016e-01
-1.919455e-01
 1.344513e+00
 1.609320e+00
 1.236596e+00
 9.074079e-01
 5.530058e-01
 7.245647e-02
-3.305120e-01
 1.200123e+00
 3.284809e-01
 4.269810e-01
 4.867027e-01
 8.764615e-01
 7.397608e-01
-4.858972e-02
 1.060767e+00
 2.215205e-01
 1.249680e+00
 1.232338e+00
 5.085578e-01
-1.967481e-01
 1.392206e+00
 1.606665e+00
 1.240055e+00
 9.206001e-01
 5.793511e-01
 1.153298e-01
-3.416656e-01
 1.458162e+00
 9.642829e-01
 1.640118e-01
-4.575888e-02
 7.014348e-01
 4.206477e-01
 6.761763e-01
 3.362046e-01
 1.127353e+00
 6.504034e-01
-6.116356e-02
 9.885312e-01
 1.943631e-01
 1.336064e+00
 9.828186e-01
 1.341613e-01
 1.602355e-01
 5.090657e-01
 9.341933e-01
 6.183526e-01
 6.934527e-02
 8.735484e-01
 2.545270e-01
 1.284039e+00
 8.736030e-01
-1.035369e-02
 1.012663e+00
 1.320890e+00
 6.251917e-01
-1.047597e-01
 7.493399e-01
 1.122269e+00
 2.363653e-01
 7.228248e-02
 6.069358e-01
 6.124632e-01
 3.575090e-01
 1.145633e+00
 7.196828e-01
-9.427726e-02
 1.201477e+00
 3.830464e-01
 3.184236e-01
 4.563874e-01
 1.048260e+00
 7.588901e-01
-8.155402e-02
 1.251645e+00
 4.872428e-01
 1.566225e-02
 8.323521e-01
 2.546616e-01
 1.206301e+00
 6.575697e-01
-9.531685e-02
 1.060292e+00
 2.043050e-01
 1.286938e+00
 1.235577e+00
 5.237733e-01
-1.836069e-01
 1.275431e+00
 1.593090e+00
 1.194190e+00
 8.240046e-01
 4.063556e-01
-1.388710e-01
 1.600075e-01
 5.486464e-01
 7.781265e-01
 5.758116e-01
 2.624914e-01
 5.539713e-01
 6.665092e-01
 3.369715e-01
 1.203530e+00
 8.121327e-01
-7.068307e-02
 1.447783e+00
 1.399049e+00
 8.664948e-01
 2.945754e-01
-2.844580e-01
 1.502595e+00
 1.596353e+00
 1.244427e+00
 9.471782e-01
 6.348865e-01
 2.091398e-01
-3.094430e-01
 1.349319e+00
 1.695580e+00
 1.402082e+00
 1.193109e+00
 1.040483e+00
 8.880107e-01
 6.819014e-01
 3.577654e-01
-1.359858e-01
-3.093677e-04
 5.676315e-01
 8.021799e-01
 4.853946e-01
 5.670285e-01
 4.893307e-01
 7.573959e-01
 6.424112e-01
 1.088171e-01
 8.465573e-01
 2.635097e-01
 1.269343e+00
 8.372317e-01
-4.641633e-02
 1.274035e+00
 1.491233e+00
 9.975752e-01
 4.836449e-01
-1.155941e-01
 2.396892e-01
 5.742911e-01
 6.126665e-01
 4.505856e-01
 8.975251e-01
 8.074993e-01
-6.384995e-02
 1.318003e+00
 6.556005e-01
-1.324474e-01
 1.282165e+00
 5.397331e-01
-7.769625e-02
 9.308919e-01
 1.990199e-01
 1.269151e+00
 7.223572e-01
-1.118481e-01
 1.397572e+00
 8.745179e-01
 2.308277e-02
 6.077344e-01
 8.574812e-01
-3.723277e-02
 1.332101e+00
 7.077969e-01
-1.214450e-01
 1.457457e+00
 1.117311e+00
 3.846047e-01
-2.486518e-01
 1.448451e+00
 9.774157e-01
 1.750342e-01
-6.023296e-02
 7.218629e-01
 3.855419e-01
 7.761424e-01
 3.115685e-01
 1.255283e+00
 9.603231e-01
 8.267465e-02
 4.639184e-01
 6.506493e-01
 2.211426e-01
 6.804300e-01
 3.713929e-01
 9.393944e-01
 4.344362e-01
 6.296211e-01
 5.765861e-01
 3.561203e-01
 4.571522e-01
 9.803523e-01
 5.886546e-01
 9.954117e-02
 8.096339e-01
 2.694540e-01
 1.215784e+00
 7.003601e-01
-1.065246e-01
 1.225197e+00
 4.243507e-01
 1.667097e-01
 5.881406e-01
 6.154340e-01
 3.586370e-01
 1.127179e+00
 6.865062e-01
-8.187179e-02
 1.065337e+00
 2.121588e-01
 1.261242e+00
 1.240365e+00
 5.257321e-01
-1.834925e-01
 1.286537e+00
 1.595825e+00
 1.201210e+00
 8.377406e-01
 4.303241e-01
-1.073502e-01
 2.029403e-02
 5.594126e-01
 8.219123e-01
 5.055586e-01
 4.676981e-01
 4.334344e-01
 1.072159e+00
 8.952368e-01
-1.595178e-02
 1.263252e+00
 1.465198e+00
 9.455787e-01
 3.939826e-01
-2.157682e-01
 9.527228e-01
 1.411402e+00
 7.915006e-01
 1.098137e-01
-1.733697e-01
 7.905321e-01
 3.027719e-01
 9.441701e-01
 3.911275e-01
 8.130751e-01
 7.985536e-01
-5.637269e-02
 1.221670e+00
 4.336587e-01
 1.592244e-01
 6.031728e-01
 5.729936e-01
 3.990713e-01
 9.874498e-01
 5.221069e-01
 2.583348e-01
 5.281463e-01
 7.648353e-01
 3.646514e-01
 1.132651e+00
 1.038355e+00
 1.638780e-01
 1.777483e-01
 5.029621e-01
 9.475852e-01
 6.333167e-01
 3.754588e-02
 9.158927e-01
 2.461951e-01
 1.305811e+00
 9.705631e-01
 1.086746e-01
 2.905816e-01
 5.089260e-01
 8.700280e-01
 6.970391e-01
-1.467202e-02
 9.871224e-01
 2.193072e-01
 1.327697e+00
 1.078616e+00
 2.720471e-01
-1.680871e-01
 8.621195e-01
 2.207757e-01
 1.124164e+00
 4.978142e-01
 1.787197e-01
 6.170158e-01
 5.225934e-01
 4.848477e-01
 6.951731e-01
 3.251189e-01
 1.209507e+00
 7.976885e-01
-7.906526e-02
 1.462583e+00
 1.326818e+00
 7.413193e-01
 1.022992e-01
-2.203027e-01
 8.342003e-01
 2.453871e-01
 1.038463e+00
 4.401115e-01
 4.712386e-01
 4.600889e-01
 9.634881e-01
 8.326012e-01
-6.042639e-02
 1.433927e+00
 1.066524e+00
 2.944064e-01
-2.218982e-01
 9.811870e-01
 1.456003e-01
 1.295637e+00
 7.346030e-01
-1.093508e-01
 1.457332e+00
 1.132710e+00
 4.089941e-01
-2.428867e-01
 1.509307e+00
 1.267194e+00
 6.571728e-01
-6.177501e-03
 2.955149e-02
 5.669769e-01
 7.839160e-01
 4.359128e-01
 8.041854e-01
 7.441053e-01
-3.654774e-02
 1.044840e+00
 2.181283e-01
 1.285131e+00
 1.215012e+00
 4.869465e-01
-2.094449e-01
 1.460773e+00
 1.571834e+00
 1.189032e+00
 8.441146e-01
 4.554574e-01
-6.763083e-02
-1.218030e-01
 6.728445e-01
 5.206492e-01
 4.257396e-01
 9.361901e-01
 4.780077e-01
 4.584092e-01
 4.407741e-01
 1.050463e+00
 8.844504e-01
-2.666473e-02
 1.341756e+00
 1.472543e+00
 9.756149e-01
 4.567185e-01
-1.449962e-01
 3.978542e-01
 7.305356e-01
 7.693639e-02
 9.614025e-01
 2.727063e-01
 1.253322e+00
 1.148291e+00
 3.638785e-01
-2.283122e-01
 1.138137e+00
 2.515251e-01
 9.046015e-01
 1.018330e+00
 1.035136e-01
 5.956349e-01
 7.842399e-01
-2.279046e-02
 1.072313e+00
 2.407060e-01
 1.173125e+00
 1.211208e+00
 4.535202e-01
-2.256477e-01
 1.493787e+00
 1.192619e+00
 5.246888e-01
-1.634321e-01
 9.662013e-01
 1.387656e+00
 7.468159e-01
 4.586606e-02
-1.879849e-02
 6.216000e-01
 6.188194e-01
 3.540877e-01
 1.180015e+00
 7.918742e-01
-8.231569e-02
 1.459963e+00
 1.204179e+00
 5.275621e-01
-1.655313e-01
 1.014723e+00
 1.430474e+00
 8.374912e-01
 1.866954e-01
-2.714122e-01
 1.041094e+00
 1.513946e-01
 1.366801e+00
 1.128930e+00
 3.655683e-01
-2.407419e-01
 1.253392e+00
 4.473469e-01
 5.851705e-02
 7.521321e-01
 3.120006e-01
 1.064542e+00
 5.323140e-01
 1.591142e-01
 6.715070e-01
 4.058643e-01
 8.024688e-01
 3.289938e-01
 1.219282e+00
 1.057621e+00
 2.103791e-01
-1.097018e-02
 6.883576e-01
 4.350197e-01
 6.492847e-01
 3.595273e-01
 1.053736e+00
 5.715353e-01
 8.353761e-02
 8.164985e-01
 2.659069e-01
 1.218522e+00
